vn 0.0000 0.9812 -0.1928
vn 0.3542 0.8552 -0.3784
vn 0.0000 0.9256 -0.3784
vn 0.0000 0.5639 0.8258
vn 0.1504 0.3631 0.9195
vn 0.2158 0.5210 0.8258
vn 0.3196 0.7716 -0.5500
vn 0.0000 0.8351 -0.5500
vn 0.2729 0.6588 0.7010
vn 0.0000 0.7131 0.7010
vn 0.2729 0.6588 -0.7010
vn 0.0000 0.7131 -0.7010
vn 0.3196 0.7716 0.5500
vn 0.0000 0.8351 0.5500
vn 0.2158 0.5210 -0.8258
vn 0.0000 0.5639 -0.8258
vn 0.3542 0.8552 0.3784
vn 0.0000 0.9256 0.3784
vn 0.0000 0.3930 -0.9195
vn 0.1504 0.3631 -0.9195
vn 0.3755 0.9065 0.1928
vn 0.0000 0.9812 0.1928
vn 0.0000 0.2068 -0.9784
vn 0.0791 0.1910 -0.9784
vn 0.3827 0.9239 0.0000
vn 0.0000 1.0000 0.0000
vn 0.0000 0.2068 0.9784
vn 0.0000 0.0000 1.0000
vn 0.0791 0.1910 0.9784
vn 0.0000 0.0000 -1.0000
vn 0.3755 0.9065 -0.1928
vn 0.0000 0.3930 0.9195
vn 0.6938 0.6938 -0.1928
vn 0.2779 0.2779 0.9195
vn 0.6545 0.6545 -0.3784
vn 0.3987 0.3987 0.8258
vn 0.5905 0.5905 -0.5500
vn 0.5042 0.5042 0.7010
vn 0.5042 0.5042 -0.7010
vn 0.5905 0.5905 0.5500
vn 0.3987 0.3987 -0.8258
vn 0.6545 0.6545 0.3784
vn 0.2779 0.2779 -0.9195
vn 0.6938 0.6938 0.1928
vn 0.1462 0.1462 -0.9784
vn 0.7071 0.7071 0.0000
vn 0.1462 0.1462 0.9784
vn 0.6588 0.2729 -0.7010
vn 0.5210 0.2158 -0.8258
vn 0.7716 0.3196 0.5500
vn 0.8552 0.3542 0.3784
vn 0.3631 0.1504 -0.9195
vn 0.9065 0.3755 0.1928
vn 0.1910 0.0791 -0.9784
vn 0.9239 0.3827 0.0000
vn 0.1910 0.0791 0.9784
vn 0.9065 0.3755 -0.1928
vn 0.3631 0.1504 0.9195
vn 0.8552 0.3542 -0.3784
vn 0.5210 0.2158 0.8258
vn 0.7716 0.3196 -0.5500
vn 0.6588 0.2729 0.7010
vn 0.3930 0.0000 0.9195
vn 0.9812 0.0000 -0.1928
vn 0.9256 0.0000 -0.3784
vn 0.5639 0.0000 0.8258
vn 0.8351 0.0000 -0.5500
vn 0.7131 0.0000 0.7010
vn 0.7131 0.0000 -0.7010
vn 0.8351 0.0000 0.5500
vn 0.5639 0.0000 -0.8258
vn 0.9256 0.0000 0.3784
vn 0.3930 0.0000 -0.9195
vn 0.9812 0.0000 0.1928
vn 0.2068 0.0000 -0.9784
vn 1.0000 0.0000 0.0000
vn 0.2068 0.0000 0.9784
vn 0.8552 -0.3542 0.3784
vn 0.3631 -0.1504 -0.9195
vn 0.9065 -0.3755 0.1928
vn 0.1910 -0.0791 -0.9784
vn 0.9239 -0.3827 0.0000
vn 0.1910 -0.0791 0.9784
vn 0.9065 -0.3755 -0.1928
vn 0.3631 -0.1504 0.9195
vn 0.8552 -0.3542 -0.3784
vn 0.5210 -0.2158 0.8258
vn 0.7716 -0.3196 -0.5500
vn 0.6588 -0.2729 0.7010
vn 0.6588 -0.2729 -0.7010
vn 0.7716 -0.3196 0.5500
vn 0.5210 -0.2158 -0.8258
vn 0.6938 -0.6938 -0.1928
vn 0.6545 -0.6545 -0.3784
vn 0.3987 -0.3987 0.8258
vn 0.5905 -0.5905 -0.5500
vn 0.5042 -0.5042 0.7010
vn 0.5042 -0.5042 -0.7010
vn 0.5905 -0.5905 0.5500
vn 0.3987 -0.3987 -0.8258
vn 0.6545 -0.6545 0.3784
vn 0.2779 -0.2779 -0.9195
vn 0.6938 -0.6938 0.1928
vn 0.1462 -0.1462 -0.9784
vn 0.7071 -0.7071 0.0000
vn 0.1462 -0.1462 0.9784
vn 0.2779 -0.2779 0.9195
vn 0.2158 -0.5210 -0.8258
vn 0.1504 -0.3631 -0.9195
vn 0.3755 -0.9065 0.1928
vn 0.0791 -0.1910 -0.9784
vn 0.3827 -0.9239 0.0000
vn 0.0791 -0.1910 0.9784
vn 0.3755 -0.9065 -0.1928
vn 0.1504 -0.3631 0.9195
vn 0.3542 -0.8552 -0.3784
vn 0.2158 -0.5210 0.8258
vn 0.3196 -0.7716 -0.5500
vn 0.2729 -0.6588 0.7010
vn 0.2729 -0.6588 -0.7010
vn 0.3196 -0.7716 0.5500
vn 0.3542 -0.8552 0.3784
vn 0.0000 -0.8351 -0.5500
vn 0.0000 -0.7131 0.7010
vn 0.0000 -0.7131 -0.7010
vn 0.0000 -0.8351 0.5500
vn 0.0000 -0.5639 -0.8258
vn 0.0000 -0.9256 0.3784
vn 0.0000 -0.3930 -0.9195
vn 0.0000 -0.9812 0.1928
vn 0.0000 -0.2068 -0.9784
vn 0.0000 -1.0000 0.0000
vn 0.0000 -0.2068 0.9784
vn 0.0000 -0.9812 -0.1928
vn 0.0000 -0.3930 0.9195
vn 0.0000 -0.9256 -0.3784
vn 0.0000 -0.5639 0.8258
vn -0.0791 -0.1910 -0.9784
vn -0.3755 -0.9065 0.1928
vn -0.3827 -0.9239 0.0000
vn -0.0791 -0.1910 0.9784
vn -0.3755 -0.9065 -0.1928
vn -0.1504 -0.3631 0.9195
vn -0.3542 -0.8552 -0.3784
vn -0.2158 -0.5210 0.8258
vn -0.3196 -0.7716 -0.5500
vn -0.2729 -0.6588 0.7010
vn -0.2729 -0.6588 -0.7010
vn -0.3196 -0.7716 0.5500
vn -0.2158 -0.5210 -0.8258
vn -0.3542 -0.8552 0.3784
vn -0.1504 -0.3631 -0.9195
vn -0.5042 -0.5042 0.7010
vn -0.5042 -0.5042 -0.7010
vn -0.5905 -0.5905 0.5500
vn -0.3987 -0.3987 -0.8258
vn -0.6545 -0.6545 0.3784
vn -0.2779 -0.2779 -0.9195
vn -0.6938 -0.6938 0.1928
vn -0.1462 -0.1462 -0.9784
vn -0.7071 -0.7071 0.0000
vn -0.1462 -0.1462 0.9784
vn -0.6938 -0.6938 -0.1928
vn -0.2779 -0.2779 0.9195
vn -0.6545 -0.6545 -0.3784
vn -0.3987 -0.3987 0.8258
vn -0.5905 -0.5905 -0.5500
vn -0.9065 -0.3755 0.1928
vn -0.9239 -0.3827 0.0000
vn -0.1910 -0.0791 0.9784
vn -0.1910 -0.0791 -0.9784
vn -0.9065 -0.3755 -0.1928
vn -0.3631 -0.1504 0.9195
vn -0.8552 -0.3542 -0.3784
vn -0.5210 -0.2158 0.8258
vn -0.7716 -0.3196 -0.5500
vn -0.6588 -0.2729 0.7010
vn -0.6588 -0.2729 -0.7010
vn -0.7716 -0.3196 0.5500
vn -0.5210 -0.2158 -0.8258
vn -0.8552 -0.3542 0.3784
vn -0.3631 -0.1504 -0.9195
vn -0.7131 0.0000 -0.7010
vn -0.7131 0.0000 0.7010
vn -0.8351 0.0000 0.5500
vn -0.5639 0.0000 -0.8258
vn -0.9256 0.0000 0.3784
vn -0.3930 0.0000 -0.9195
vn -0.9812 0.0000 0.1928
vn -0.2068 0.0000 -0.9784
vn -1.0000 0.0000 0.0000
vn -0.2068 0.0000 0.9784
vn -0.9812 0.0000 -0.1928
vn -0.3930 0.0000 0.9195
vn -0.9256 0.0000 -0.3784
vn -0.5639 0.0000 0.8258
vn -0.8351 0.0000 -0.5500
vn -0.1910 0.0791 0.9784
vn -0.1910 0.0791 -0.9784
vn -0.9065 0.3755 -0.1928
vn -0.3631 0.1504 0.9195
vn -0.8552 0.3542 -0.3784
vn -0.5210 0.2158 0.8258
vn -0.7716 0.3196 -0.5500
vn -0.6588 0.2729 0.7010
vn -0.6588 0.2729 -0.7010
vn -0.7716 0.3196 0.5500
vn -0.5210 0.2158 -0.8258
vn -0.8552 0.3542 0.3784
vn -0.3631 0.1504 -0.9195
vn -0.9065 0.3755 0.1928
vn -0.9239 0.3827 0.0000
vn -0.5042 0.5042 0.7010
vn -0.5905 0.5905 0.5500
vn -0.5042 0.5042 -0.7010
vn -0.3987 0.3987 -0.8258
vn -0.6545 0.6545 0.3784
vn -0.2779 0.2779 -0.9195
vn -0.6938 0.6938 0.1928
vn -0.1462 0.1462 -0.9784
vn -0.7071 0.7071 0.0000
vn -0.1462 0.1462 0.9784
vn -0.6938 0.6938 -0.1928
vn -0.2779 0.2779 0.9195
vn -0.6545 0.6545 -0.3784
vn -0.3987 0.3987 0.8258
vn -0.5905 0.5905 -0.5500
vn -0.3755 0.9065 -0.1928
vn -0.1504 0.3631 0.9195
vn -0.3542 0.8552 -0.3784
vn -0.2158 0.5210 0.8258
vn -0.3196 0.7716 -0.5500
vn -0.2729 0.6588 0.7010
vn -0.2729 0.6588 -0.7010
vn -0.3196 0.7716 0.5500
vn -0.2158 0.5210 -0.8258
vn -0.3542 0.8552 0.3784
vn -0.1504 0.3631 -0.9195
vn -0.3755 0.9065 0.1928
vn -0.0791 0.1910 -0.9784
vn -0.3827 0.9239 0.0000
vn -0.0791 0.1910 0.9784