v 0.000000 0.195090 0.980785
v 0.000000 0.707107 0.707107
v 0.000000 0.831470 0.555570
v 0.000000 0.923880 0.382683
v 0.000000 0.980785 0.195090
v 0.000000 1.000000 0.000000
v 0.000000 0.980785 -0.195090
v 0.000000 0.923880 -0.382683
v 0.000000 0.831470 -0.555570
v 0.000000 0.707107 -0.707107
v 0.000000 0.555570 -0.831470
v 0.000000 0.382683 -0.923880
v 0.000000 0.195090 -0.980785
v 0.074658 0.180240 0.980785
v 0.146447 0.353553 0.923880
v 0.212608 0.513280 0.831470
v 0.270598 0.653281 0.707107
v 0.318190 0.768178 0.555570
v 0.353554 0.853553 0.382683
v 0.375330 0.906127 0.195090
v 0.382684 0.923880 0.000000
v 0.375330 0.906127 -0.195090
v 0.353554 0.853553 -0.382683
v 0.318190 0.768178 -0.555570
v 0.270598 0.653281 -0.707107
v 0.212608 0.513280 -0.831470
v 0.146447 0.353553 -0.923880
v 0.074658 0.180240 -0.980785
v 0.137950 0.137950 0.980785
v 0.270598 0.270598 0.923880
v 0.392848 0.392847 0.831470
v 0.500000 0.500000 0.707107
v 0.587938 0.587938 0.555570
v 0.653282 0.653281 0.382683
v 0.693520 0.693520 0.195090
v 0.707107 0.707107 0.000000
v 0.693520 0.693520 -0.195090
v 0.653282 0.653281 -0.382683
v 0.587938 0.587938 -0.555570
v 0.500000 0.500000 -0.707107
v 0.392848 0.392847 -0.831470
v 0.270598 0.270598 -0.923880
v 0.137950 0.137949 -0.980785
v 0.180240 0.074658 0.980785
v 0.353554 0.146446 0.923880
v 0.513280 0.212607 0.831470
v 0.653282 0.270598 0.707107
v 0.768178 0.318189 0.555570
v 0.853554 0.353553 0.382683
v 0.906128 0.375330 0.195090
v 0.923880 0.382683 0.000000
v 0.906128 0.375330 -0.195090
v 0.853554 0.353553 -0.382683
v 0.768178 0.318189 -0.555570
v 0.653282 0.270598 -0.707107
v 0.513280 0.212607 -0.831470
v 0.353554 0.146446 -0.923880
v 0.180240 0.074658 -0.980785
v 0.195091 -0.000000 0.980785
v 0.382684 -0.000000 0.923880
v 0.555571 -0.000000 0.831470
v 0.707107 -0.000000 0.707107
v 0.831470 -0.000000 0.555570
v 0.923880 -0.000000 0.382683
v 0.980786 -0.000000 0.195090
v 1.000000 -0.000000 0.000000
v 0.980786 -0.000000 -0.195090
v 0.923880 -0.000000 -0.382683
v 0.831470 -0.000000 -0.555570
v 0.707107 -0.000000 -0.707107
v 0.555570 -0.000000 -0.831470
v 0.382684 -0.000000 -0.923880
v 0.195090 -0.000000 -0.980785
v 0.180240 -0.074658 0.980785
v 0.353554 -0.146447 0.923880
v 0.513280 -0.212608 0.831470
v 0.653282 -0.270599 0.707107
v 0.768178 -0.318190 0.555570
v 0.853554 -0.353554 0.382683
v 0.906128 -0.375331 0.195090
v 0.923880 -0.382684 0.000000
v 0.906128 -0.375331 -0.195090
v 0.853554 -0.353554 -0.382683
v 0.768178 -0.318190 -0.555570
v 0.653282 -0.270599 -0.707107
v 0.513280 -0.212608 -0.831470
v 0.353553 -0.146447 -0.923880
v 0.180240 -0.074658 -0.980785
v 0.137950 -0.137950 0.980785
v 0.270598 -0.270599 0.923880
v 0.392848 -0.392848 0.831470
v 0.500000 -0.500000 0.707107
v 0.587938 -0.587938 0.555570
v 0.653282 -0.653282 0.382683
v 0.693520 -0.693520 0.195090
v 0.707107 -0.707107 0.000000
v 0.693520 -0.693520 -0.195090
v 0.653282 -0.653282 -0.382683
v 0.587938 -0.587938 -0.555570
v 0.500000 -0.500000 -0.707107
v 0.392848 -0.392848 -0.831470
v 0.270598 -0.270599 -0.923880
v 0.137950 -0.137950 -0.980785
v 0.074658 -0.180241 0.980785
v 0.146447 -0.353554 0.923880
v 0.212608 -0.513281 0.831470
v 0.270598 -0.653282 0.707107
v 0.318190 -0.768178 0.555570
v 0.353553 -0.853554 0.382683
v 0.375330 -0.906128 0.195090
v 0.382683 -0.923880 0.000000
v 0.375330 -0.906128 -0.195090
v 0.353553 -0.853554 -0.382683
v 0.318190 -0.768178 -0.555570
v 0.270598 -0.653282 -0.707107
v 0.212607 -0.513281 -0.831470
v 0.146447 -0.353554 -0.923880
v 0.074658 -0.180240 -0.980785
v -0.000000 -0.195091 0.980785
v -0.000000 -0.382684 0.923880
v -0.000000 -0.555571 0.831470
v -0.000000 -0.707107 0.707107
v -0.000000 -0.831470 0.555570
v -0.000000 -0.923880 0.382683
v -0.000000 -0.980786 0.195090
v -0.000000 -1.000000 0.000000
v -0.000000 -0.980786 -0.195090
v -0.000000 -0.923880 -0.382683
v -0.000000 -0.831470 -0.555570
v -0.000000 -0.707107 -0.707107
v -0.000000 -0.555571 -0.831470
v -0.000000 -0.382684 -0.923880
v -0.000000 -0.195091 -0.980785
v 0.000000 -0.000000 -1.000000
v -0.074658 -0.180241 0.980785
v -0.146447 -0.353554 0.923880
v -0.212608 -0.513280 0.831470
v -0.270598 -0.653282 0.707107
v -0.318190 -0.768178 0.555570
v -0.353554 -0.853554 0.382683
v -0.375330 -0.906128 0.195090
v -0.382684 -0.923880 0.000000
v -0.375330 -0.906128 -0.195090
v -0.353554 -0.853554 -0.382683
v -0.318190 -0.768178 -0.555570
v -0.270598 -0.653282 -0.707107
v -0.212608 -0.513280 -0.831470
v -0.146447 -0.353554 -0.923880
v -0.074658 -0.180240 -0.980785
v -0.137950 -0.137950 0.980785
v -0.270598 -0.270598 0.923880
v -0.392848 -0.392848 0.831470
v -0.500000 -0.500000 0.707107
v -0.587938 -0.587938 0.555570
v -0.653282 -0.653282 0.382683
v -0.693520 -0.693520 0.195090
v -0.707107 -0.707107 0.000000
v -0.693520 -0.693520 -0.195090
v -0.653282 -0.653282 -0.382683
v -0.587938 -0.587938 -0.555570
v -0.500000 -0.500000 -0.707107
v -0.392848 -0.392848 -0.831470
v -0.270598 -0.270598 -0.923880
v -0.137950 -0.137950 -0.980785
v -0.000000 -0.000000 1.000000
v -0.180240 -0.074658 0.980785
v -0.353554 -0.146447 0.923880
v -0.513280 -0.212608 0.831470
v -0.653282 -0.270598 0.707107
v -0.768178 -0.318190 0.555570
v -0.853554 -0.353553 0.382683
v -0.906127 -0.375330 0.195090
v -0.923880 -0.382683 0.000000
v -0.906127 -0.375330 -0.195090
v -0.853554 -0.353553 -0.382683
v -0.768178 -0.318190 -0.555570
v -0.653282 -0.270598 -0.707107
v -0.513280 -0.212608 -0.831470
v -0.353554 -0.146447 -0.923880
v -0.180240 -0.074658 -0.980785
v -0.195091 -0.000000 0.980785
v -0.382684 -0.000000 0.923880
v -0.555570 -0.000000 0.831470
v -0.707107 -0.000000 0.707107
v -0.831470 0.000000 0.555570
v -0.923880 0.000000 0.382683
v -0.980785 -0.000000 0.195090
v -1.000000 0.000000 0.000000
v -0.980785 -0.000000 -0.195090
v -0.923880 0.000000 -0.382683
v -0.831470 0.000000 -0.555570
v -0.707107 -0.000000 -0.707107
v -0.555570 -0.000000 -0.831470
v -0.382684 -0.000000 -0.923880
v -0.195090 -0.000000 -0.980785
v -0.180240 0.074658 0.980785
v -0.353554 0.146446 0.923880
v -0.513280 0.212608 0.831470
v -0.653281 0.270598 0.707107
v -0.768178 0.318190 0.555570
v -0.853553 0.353553 0.382683
v -0.906127 0.375330 0.195090
v -0.923880 0.382684 0.000000
v -0.906127 0.375330 -0.195090
v -0.853553 0.353553 -0.382683
v -0.768178 0.318190 -0.555570
v -0.653281 0.270598 -0.707107
v -0.513280 0.212608 -0.831470
v -0.353553 0.146447 -0.923880
v -0.180240 0.074658 -0.980785
v -0.137950 0.137950 0.980785
v -0.270598 0.270598 0.923880
v -0.392847 0.392847 0.831470
v -0.500000 0.500000 0.707107
v -0.587937 0.587938 0.555570
v -0.653281 0.653282 0.382683
v -0.693520 0.693520 0.195090
v -0.707107 0.707107 0.000000
v -0.693520 0.693520 -0.195090
v -0.653281 0.653282 -0.382683
v -0.587937 0.587938 -0.555570
v -0.500000 0.500000 -0.707107
v -0.392847 0.392847 -0.831470
v -0.270598 0.270598 -0.923880
v -0.137950 0.137949 -0.980785
v -0.074658 0.180240 0.980785
v -0.146447 0.353553 0.923880
v -0.212607 0.513280 0.831470
v -0.270598 0.653281 0.707107
v -0.318189 0.768178 0.555570
v -0.353553 0.853553 0.382683
v -0.375330 0.906127 0.195090
v -0.382683 0.923880 0.000000
v -0.375330 0.906127 -0.195090
v -0.353553 0.853553 -0.382683
v -0.318189 0.768178 -0.555570
v -0.270598 0.653281 -0.707107
v -0.212607 0.513280 -0.831470
v -0.146446 0.353553 -0.923880
v -0.074658 0.180240 -0.980785
v 0.000000 0.382683 0.923880
v 0.000000 0.555570 0.831470