vn 0.0980 0.9952 0.0000
vn 0.2903 0.9569 0.0000
vn 0.4714 0.8819 0.0000
vn 0.6344 0.7730 0.0000
vn 0.7730 0.6344 0.0000
vn 0.8819 0.4714 0.0000
vn 0.9569 0.2903 0.0000
vn 0.9952 0.0980 0.0000
vn 0.9952 -0.0980 0.0000
vn 0.9569 -0.2903 0.0000
vn 0.8819 -0.4714 0.0000
vn 0.7730 -0.6344 0.0000
vn 0.6344 -0.7730 0.0000
vn 0.4714 -0.8819 0.0000
vn 0.2903 -0.9569 0.0000
vn 0.0980 -0.9952 0.0000
vn -0.0980 -0.9952 0.0000
vn -0.2903 -0.9569 0.0000
vn -0.4714 -0.8819 0.0000
vn -0.6344 -0.7730 0.0000
vn -0.7730 -0.6344 0.0000
vn -0.8819 -0.4714 0.0000
vn -0.9569 -0.2903 0.0000
vn -0.9952 -0.0980 0.0000
vn -0.9952 0.0980 0.0000
vn -0.9569 0.2903 0.0000
vn -0.8819 0.4714 0.0000
vn -0.7730 0.6344 0.0000
vn -0.6344 0.7730 0.0000
vn -0.4714 0.8819 0.0000
vn 0.0000 0.0000 1.0000
vn -0.2903 0.9569 0.0000
vn -0.0980 0.9952 0.0000
vn 0.0000 0.0000 -1.0000