vn 0.0586 0.5947 -0.8018
vn 0.0923 0.9375 0.3354
vn 0.0506 0.5134 -0.8566
vn 0.0951 0.9656 0.2419
vn 0.0048 0.0491 0.9988
vn 0.0421 0.4272 -0.9032
vn 0.0970 0.9845 0.1460
vn 0.0145 0.1467 0.9891
vn 0.0332 0.3367 -0.9410
vn 0.0979 0.9940 0.0488
vn 0.0239 0.2429 0.9698
vn 0.0239 0.2429 -0.9698
vn 0.0979 0.9940 -0.0488
vn 0.0332 0.3367 0.9410
vn 0.0144 0.1467 -0.9891
vn 0.0970 0.9845 -0.1460
vn 0.0421 0.4272 0.9032
vn 0.0048 0.0491 -0.9988
vn 0.0951 0.9656 -0.2419
vn 0.0506 0.5134 0.8566
vn 0.0923 0.9375 -0.3355
vn 0.0586 0.5947 0.8018
vn 0.0887 0.9004 -0.4259
vn 0.0660 0.6701 0.7393
vn 0.0842 0.8547 -0.5123
vn 0.0728 0.7390 0.6698
vn 0.0789 0.8007 -0.5938
vn 0.0789 0.8007 0.5938
vn 0.0728 0.7390 -0.6698
vn 0.0842 0.8547 0.5123
vn 0.0660 0.6701 -0.7393
vn 0.0887 0.9004 0.4259
vn 0.2626 0.8658 -0.4259
vn 0.1955 0.6443 0.7393
vn 0.2493 0.8218 -0.5123
vn 0.2156 0.7106 0.6698
vn 0.2336 0.7699 -0.5938
vn 0.2336 0.7699 0.5938
vn 0.2156 0.7106 -0.6698
vn 0.2493 0.8218 0.5123
vn 0.1955 0.6443 -0.7393
vn 0.2626 0.8658 0.4259
vn 0.1735 0.5718 -0.8018
vn 0.2735 0.9015 0.3354
vn 0.1498 0.4937 -0.8566
vn 0.2817 0.9285 0.2419
vn 0.0143 0.0472 0.9988
vn 0.1246 0.4108 -0.9032
vn 0.2872 0.9467 0.1460
vn 0.0428 0.1411 0.9891
vn 0.0982 0.3238 -0.9410
vn 0.2899 0.9558 0.0488
vn 0.0709 0.2336 0.9698
vn 0.0709 0.2336 -0.9698
vn 0.2899 0.9558 -0.0488
vn 0.0982 0.3238 0.9410
vn 0.0428 0.1411 -0.9891
vn 0.2872 0.9467 -0.1460
vn 0.1246 0.4108 0.9032
vn 0.0143 0.0472 -0.9988
vn 0.2817 0.9285 -0.2419
vn 0.1498 0.4937 0.8566
vn 0.2735 0.9015 -0.3355
vn 0.1735 0.5718 0.8018
vn 0.3793 0.7096 -0.5938
vn 0.3793 0.7096 0.5938
vn 0.3500 0.6549 -0.6698
vn 0.4048 0.7574 0.5123
vn 0.3174 0.5938 -0.7393
vn 0.4265 0.7979 0.4259
vn 0.2817 0.5270 -0.8018
vn 0.4441 0.8308 0.3355
vn 0.2432 0.4550 -0.8566
vn 0.4574 0.8557 0.2419
vn 0.0232 0.0435 0.9988
vn 0.2023 0.3786 -0.9032
vn 0.4663 0.8725 0.1460
vn 0.0695 0.1300 0.9891
vn 0.1595 0.2984 -0.9410
vn 0.4708 0.8809 0.0488
vn 0.1151 0.2153 0.9698
vn 0.1151 0.2153 -0.9698
vn 0.4708 0.8809 -0.0488
vn 0.1595 0.2984 0.9410
vn 0.0695 0.1300 -0.9891
vn 0.4663 0.8725 -0.1460
vn 0.2023 0.3786 0.9032
vn 0.0232 0.0435 -0.9988
vn 0.4574 0.8557 -0.2419
vn 0.2432 0.4550 0.8566
vn 0.4441 0.8308 -0.3355
vn 0.2817 0.5270 0.8018
vn 0.4265 0.7979 -0.4259
vn 0.3174 0.5938 0.7393
vn 0.4048 0.7574 -0.5123
vn 0.3500 0.6549 0.6698
vn 0.4272 0.5205 -0.7393
vn 0.5740 0.6994 0.4259
vn 0.3791 0.4619 -0.8018
vn 0.5976 0.7282 0.3355
vn 0.3273 0.3988 -0.8566
vn 0.6156 0.7501 0.2419
vn 0.0313 0.0381 0.9988
vn 0.2723 0.3318 -0.9032
vn 0.6276 0.7647 0.1460
vn 0.0935 0.1140 0.9891
vn 0.2146 0.2615 -0.9410
vn 0.6336 0.7721 0.0488
vn 0.1548 0.1887 0.9698
vn 0.1548 0.1887 -0.9698
vn 0.6336 0.7721 -0.0488
vn 0.2146 0.2615 0.9410
vn 0.0935 0.1140 -0.9891
vn 0.6276 0.7647 -0.1460
vn 0.2723 0.3318 0.9032
vn 0.0313 0.0381 -0.9988
vn 0.6156 0.7501 -0.2419
vn 0.3273 0.3988 0.8566
vn 0.5976 0.7282 -0.3355
vn 0.3791 0.4619 0.8018
vn 0.5740 0.6994 -0.4259
vn 0.4272 0.5205 0.7393
vn 0.5448 0.6639 -0.5123
vn 0.4711 0.5740 0.6698
vn 0.5104 0.6219 -0.5938
vn 0.5104 0.6219 0.5938
vn 0.4711 0.5740 -0.6698
vn 0.5448 0.6639 0.5123
vn 0.3988 0.3273 -0.8566
vn 0.7501 0.6156 0.2419
vn 0.0381 0.0313 0.9988
vn 0.3318 0.2723 -0.9032
vn 0.7647 0.6276 0.1460
vn 0.1140 0.0935 0.9891
vn 0.2615 0.2146 -0.9410
vn 0.7721 0.6336 0.0488
vn 0.1887 0.1548 0.9698
vn 0.1887 0.1548 -0.9698
vn 0.7721 0.6336 -0.0488
vn 0.2615 0.2146 0.9410
vn 0.1140 0.0935 -0.9891
vn 0.7647 0.6276 -0.1460
vn 0.3318 0.2723 0.9032
vn 0.0381 0.0313 -0.9988
vn 0.7501 0.6156 -0.2419
vn 0.3988 0.3273 0.8566
vn 0.7282 0.5976 -0.3355
vn 0.4619 0.3791 0.8018
vn 0.6994 0.5740 -0.4259
vn 0.5205 0.4272 0.7393
vn 0.6639 0.5448 -0.5123
vn 0.5740 0.4711 0.6698
vn 0.6219 0.5104 -0.5938
vn 0.6219 0.5104 0.5938
vn 0.5740 0.4711 -0.6698
vn 0.6639 0.5448 0.5123
vn 0.5205 0.4272 -0.7393
vn 0.6994 0.5740 0.4259
vn 0.4619 0.3791 -0.8018
vn 0.7282 0.5976 0.3355
vn 0.1300 0.0695 0.9891
vn 0.2984 0.1595 -0.9410
vn 0.8809 0.4708 0.0488
vn 0.2153 0.1151 0.9698
vn 0.2153 0.1151 -0.9698
vn 0.8809 0.4708 -0.0488
vn 0.2984 0.1595 0.9410
vn 0.1300 0.0695 -0.9891
vn 0.8725 0.4663 -0.1460
vn 0.3786 0.2023 0.9032
vn 0.0435 0.0232 -0.9988
vn 0.8557 0.4574 -0.2419
vn 0.4550 0.2432 0.8566
vn 0.8308 0.4441 -0.3355
vn 0.5270 0.2817 0.8018
vn 0.7979 0.4265 -0.4259
vn 0.5938 0.3174 0.7393
vn 0.7574 0.4048 -0.5123
vn 0.6549 0.3500 0.6698
vn 0.7096 0.3793 -0.5938
vn 0.7096 0.3793 0.5938
vn 0.6549 0.3500 -0.6698
vn 0.7574 0.4048 0.5123
vn 0.5938 0.3174 -0.7393
vn 0.7979 0.4265 0.4259
vn 0.5270 0.2817 -0.8018
vn 0.8308 0.4441 0.3355
vn 0.4550 0.2432 -0.8566
vn 0.8557 0.4574 0.2419
vn 0.0435 0.0232 0.9988
vn 0.3786 0.2023 -0.9032
vn 0.8725 0.4663 0.1460
vn 0.3238 0.0982 0.9410
vn 0.1411 0.0428 -0.9891
vn 0.9467 0.2872 -0.1460
vn 0.4108 0.1246 0.9032
vn 0.0472 0.0143 -0.9988
vn 0.9285 0.2817 -0.2419
vn 0.4937 0.1498 0.8566
vn 0.9015 0.2735 -0.3355
vn 0.5718 0.1735 0.8018
vn 0.8658 0.2626 -0.4259
vn 0.6443 0.1955 0.7393
vn 0.8218 0.2493 -0.5123
vn 0.7106 0.2156 0.6698
vn 0.7699 0.2336 -0.5938
vn 0.7699 0.2336 0.5938
vn 0.7106 0.2156 -0.6698
vn 0.8218 0.2493 0.5123
vn 0.6443 0.1955 -0.7393
vn 0.8658 0.2626 0.4259
vn 0.5718 0.1735 -0.8018
vn 0.9015 0.2735 0.3355
vn 0.4937 0.1498 -0.8566
vn 0.9285 0.2817 0.2419
vn 0.0472 0.0143 0.9988
vn 0.4108 0.1246 -0.9032
vn 0.9467 0.2872 0.1460
vn 0.1411 0.0428 0.9891
vn 0.3238 0.0982 -0.9410
vn 0.9558 0.2899 0.0488
vn 0.2336 0.0709 0.9698
vn 0.2336 0.0709 -0.9698
vn 0.9558 0.2899 -0.0488
vn 0.5134 0.0506 0.8566
vn 0.9375 0.0923 -0.3355
vn 0.5947 0.0586 0.8018
vn 0.9004 0.0887 -0.4259
vn 0.6701 0.0660 0.7393
vn 0.8547 0.0842 -0.5123
vn 0.7390 0.0728 0.6698
vn 0.8007 0.0789 -0.5938
vn 0.8007 0.0789 0.5938
vn 0.7390 0.0728 -0.6698
vn 0.8547 0.0842 0.5123
vn 0.6701 0.0660 -0.7393
vn 0.9004 0.0887 0.4259
vn 0.5947 0.0586 -0.8018
vn 0.9375 0.0923 0.3355
vn 0.5134 0.0506 -0.8566
vn 0.9656 0.0951 0.2419
vn 0.0491 0.0048 0.9988
vn 0.4272 0.0421 -0.9032
vn 0.9845 0.0970 0.1460
vn 0.1467 0.0145 0.9891
vn 0.3367 0.0332 -0.9410
vn 0.9940 0.0979 0.0488
vn 0.2429 0.0239 0.9698
vn 0.2429 0.0239 -0.9698
vn 0.9940 0.0979 -0.0488
vn 0.3367 0.0332 0.9410
vn 0.1467 0.0145 -0.9891
vn 0.9845 0.0970 -0.1460
vn 0.4272 0.0421 0.9032
vn 0.0491 0.0048 -0.9988
vn 0.9656 0.0951 -0.2419
vn 0.6701 -0.0660 0.7393
vn 0.8547 -0.0842 -0.5123
vn 0.7390 -0.0728 0.6698
vn 0.8007 -0.0789 -0.5938
vn 0.8007 -0.0789 0.5938
vn 0.7390 -0.0728 -0.6698
vn 0.8547 -0.0842 0.5123
vn 0.6701 -0.0660 -0.7393
vn 0.9004 -0.0887 0.4259
vn 0.5947 -0.0586 -0.8018
vn 0.9375 -0.0923 0.3355
vn 0.5134 -0.0506 -0.8566
vn 0.9656 -0.0951 0.2419
vn 0.0491 -0.0048 0.9988
vn 0.4272 -0.0421 -0.9032
vn 0.9845 -0.0970 0.1460
vn 0.1467 -0.0145 0.9891
vn 0.3367 -0.0332 -0.9410
vn 0.9940 -0.0979 0.0488
vn 0.2429 -0.0239 0.9698
vn 0.2429 -0.0239 -0.9698
vn 0.9940 -0.0979 -0.0488
vn 0.3367 -0.0332 0.9410
vn 0.1467 -0.0144 -0.9891
vn 0.9845 -0.0970 -0.1460
vn 0.4272 -0.0421 0.9032
vn 0.0491 -0.0048 -0.9988
vn 0.9656 -0.0951 -0.2419
vn 0.5134 -0.0506 0.8566
vn 0.9375 -0.0923 -0.3355
vn 0.5947 -0.0586 0.8018
vn 0.9004 -0.0887 -0.4259
vn 0.7699 -0.2336 0.5938
vn 0.7106 -0.2156 -0.6698
vn 0.8218 -0.2493 0.5123
vn 0.6443 -0.1955 -0.7393
vn 0.8658 -0.2626 0.4259
vn 0.5718 -0.1735 -0.8018
vn 0.9015 -0.2735 0.3355
vn 0.4937 -0.1498 -0.8566
vn 0.9285 -0.2817 0.2419
vn 0.0472 -0.0143 0.9988
vn 0.4108 -0.1246 -0.9032
vn 0.9467 -0.2872 0.1460
vn 0.1411 -0.0428 0.9891
vn 0.3238 -0.0982 -0.9410
vn 0.9558 -0.2899 0.0488
vn 0.2336 -0.0709 0.9698
vn 0.2336 -0.0709 -0.9698
vn 0.9558 -0.2899 -0.0488
vn 0.3238 -0.0982 0.9410
vn 0.1411 -0.0428 -0.9891
vn 0.9467 -0.2872 -0.1460
vn 0.4108 -0.1246 0.9032
vn 0.0472 -0.0143 -0.9988
vn 0.9285 -0.2817 -0.2419
vn 0.4937 -0.1498 0.8566
vn 0.9015 -0.2735 -0.3355
vn 0.5718 -0.1735 0.8018
vn 0.8658 -0.2626 -0.4259
vn 0.6443 -0.1955 0.7393
vn 0.8218 -0.2493 -0.5123
vn 0.7106 -0.2156 0.6698
vn 0.7699 -0.2336 -0.5938
vn 0.7979 -0.4265 0.4259
vn 0.5270 -0.2817 -0.8018
vn 0.8308 -0.4441 0.3355
vn 0.4550 -0.2432 -0.8566
vn 0.8557 -0.4574 0.2419
vn 0.0435 -0.0232 0.9988
vn 0.3786 -0.2023 -0.9032
vn 0.8725 -0.4663 0.1460
vn 0.1300 -0.0695 0.9891
vn 0.2984 -0.1595 -0.9410
vn 0.8809 -0.4708 0.0488
vn 0.2153 -0.1151 0.9698
vn 0.2153 -0.1151 -0.9698
vn 0.8809 -0.4708 -0.0488
vn 0.2984 -0.1595 0.9410
vn 0.1300 -0.0695 -0.9891
vn 0.8725 -0.4663 -0.1460
vn 0.3786 -0.2023 0.9032
vn 0.0435 -0.0232 -0.9988
vn 0.8557 -0.4574 -0.2419
vn 0.4550 -0.2432 0.8566
vn 0.8308 -0.4441 -0.3355
vn 0.5270 -0.2817 0.8018
vn 0.7979 -0.4265 -0.4259
vn 0.5938 -0.3174 0.7393
vn 0.7574 -0.4048 -0.5123
vn 0.6549 -0.3500 0.6698
vn 0.7096 -0.3793 -0.5938
vn 0.7096 -0.3793 0.5938
vn 0.6549 -0.3500 -0.6698
vn 0.7574 -0.4048 0.5123
vn 0.5938 -0.3174 -0.7393
vn 0.7501 -0.6156 0.2419
vn 0.0381 -0.0313 0.9988
vn 0.3318 -0.2723 -0.9032
vn 0.7647 -0.6276 0.1460
vn 0.1140 -0.0935 0.9891
vn 0.2615 -0.2146 -0.9410
vn 0.7721 -0.6336 0.0488
vn 0.1887 -0.1548 0.9698
vn 0.1887 -0.1548 -0.9698
vn 0.7721 -0.6336 -0.0488
vn 0.2615 -0.2146 0.9410
vn 0.1140 -0.0935 -0.9891
vn 0.7647 -0.6276 -0.1460
vn 0.3318 -0.2723 0.9032
vn 0.0381 -0.0313 -0.9988
vn 0.7501 -0.6156 -0.2419
vn 0.3988 -0.3273 0.8566
vn 0.7282 -0.5976 -0.3355
vn 0.4619 -0.3791 0.8018
vn 0.6994 -0.5740 -0.4259
vn 0.5205 -0.4272 0.7393
vn 0.6639 -0.5448 -0.5123
vn 0.5740 -0.4711 0.6698
vn 0.6219 -0.5104 -0.5938
vn 0.6219 -0.5104 0.5938
vn 0.5740 -0.4711 -0.6698
vn 0.6639 -0.5448 0.5123
vn 0.5205 -0.4272 -0.7393
vn 0.6994 -0.5740 0.4259
vn 0.4619 -0.3791 -0.8018
vn 0.7282 -0.5976 0.3355
vn 0.3988 -0.3273 -0.8566
vn 0.6336 -0.7721 0.0488
vn 0.1548 -0.1887 0.9698
vn 0.1548 -0.1887 -0.9698
vn 0.6336 -0.7721 -0.0488
vn 0.2146 -0.2615 0.9410
vn 0.0935 -0.1140 -0.9891
vn 0.6276 -0.7647 -0.1460
vn 0.2723 -0.3318 0.9032
vn 0.0313 -0.0381 -0.9988
vn 0.6156 -0.7501 -0.2419
vn 0.3273 -0.3988 0.8566
vn 0.5976 -0.7282 -0.3354
vn 0.3791 -0.4619 0.8018
vn 0.5740 -0.6994 -0.4259
vn 0.4272 -0.5205 0.7393
vn 0.5448 -0.6639 -0.5123
vn 0.4711 -0.5740 0.6698
vn 0.5104 -0.6219 -0.5938
vn 0.5104 -0.6219 0.5938
vn 0.4711 -0.5740 -0.6698
vn 0.5448 -0.6639 0.5123
vn 0.4272 -0.5205 -0.7393
vn 0.5740 -0.6994 0.4259
vn 0.3791 -0.4619 -0.8018
vn 0.5976 -0.7282 0.3355
vn 0.3273 -0.3988 -0.8566
vn 0.6156 -0.7501 0.2419
vn 0.0313 -0.0381 0.9988
vn 0.2723 -0.3318 -0.9032
vn 0.6276 -0.7647 0.1460
vn 0.0935 -0.1140 0.9891
vn 0.2146 -0.2615 -0.9410
vn 0.4663 -0.8725 -0.1460
vn 0.2023 -0.3786 0.9032
vn 0.0232 -0.0435 -0.9988
vn 0.4574 -0.8557 -0.2419
vn 0.2432 -0.4550 0.8566
vn 0.4441 -0.8308 -0.3354
vn 0.2817 -0.5270 0.8018
vn 0.4265 -0.7979 -0.4259
vn 0.3174 -0.5938 0.7393
vn 0.4048 -0.7574 -0.5123
vn 0.3500 -0.6549 0.6698
vn 0.3793 -0.7096 -0.5938
vn 0.3793 -0.7096 0.5938
vn 0.3500 -0.6549 -0.6698
vn 0.4048 -0.7574 0.5123
vn 0.3174 -0.5938 -0.7393
vn 0.4265 -0.7979 0.4259
vn 0.2817 -0.5270 -0.8018
vn 0.4441 -0.8308 0.3355
vn 0.2432 -0.4550 -0.8566
vn 0.4574 -0.8557 0.2419
vn 0.0232 -0.0435 0.9988
vn 0.2023 -0.3786 -0.9032
vn 0.4663 -0.8725 0.1460
vn 0.0695 -0.1300 0.9891
vn 0.1595 -0.2984 -0.9410
vn 0.4708 -0.8809 0.0488
vn 0.1151 -0.2153 0.9698
vn 0.1151 -0.2153 -0.9698
vn 0.4708 -0.8809 -0.0488
vn 0.1595 -0.2984 0.9410
vn 0.0695 -0.1300 -0.9891
vn 0.2735 -0.9015 -0.3355
vn 0.1735 -0.5718 0.8018
vn 0.2626 -0.8658 -0.4259
vn 0.1955 -0.6443 0.7393
vn 0.2493 -0.8218 -0.5123
vn 0.2156 -0.7106 0.6698
vn 0.2336 -0.7699 -0.5938
vn 0.2336 -0.7699 0.5938
vn 0.2156 -0.7106 -0.6698
vn 0.2493 -0.8218 0.5123
vn 0.1955 -0.6443 -0.7393
vn 0.2626 -0.8658 0.4259
vn 0.1735 -0.5718 -0.8018
vn 0.2735 -0.9015 0.3355
vn 0.1498 -0.4937 -0.8566
vn 0.2817 -0.9285 0.2419
vn 0.0143 -0.0472 0.9988
vn 0.1246 -0.4108 -0.9032
vn 0.2872 -0.9467 0.1460
vn 0.0428 -0.1411 0.9891
vn 0.0982 -0.3238 -0.9410
vn 0.2899 -0.9558 0.0488
vn 0.0709 -0.2336 0.9698
vn 0.0709 -0.2336 -0.9698
vn 0.2899 -0.9558 -0.0488
vn 0.0982 -0.3238 0.9410
vn 0.0428 -0.1411 -0.9891
vn 0.2872 -0.9467 -0.1460
vn 0.1246 -0.4108 0.9032
vn 0.0143 -0.0472 -0.9988
vn 0.2817 -0.9285 -0.2419
vn 0.1498 -0.4937 0.8566
vn 0.0842 -0.8547 -0.5123
vn 0.0728 -0.7390 0.6698
vn 0.0789 -0.8007 -0.5938
vn 0.0789 -0.8007 0.5938
vn 0.0728 -0.7390 -0.6698
vn 0.0842 -0.8547 0.5123
vn 0.0660 -0.6701 -0.7393
vn 0.0887 -0.9004 0.4259
vn 0.0586 -0.5947 -0.8018
vn 0.0923 -0.9375 0.3355
vn 0.0506 -0.5134 -0.8566
vn 0.0951 -0.9656 0.2419
vn 0.0048 -0.0491 0.9988
vn 0.0421 -0.4272 -0.9032
vn 0.0970 -0.9845 0.1460
vn 0.0144 -0.1467 0.9891
vn 0.0332 -0.3367 -0.9410
vn 0.0979 -0.9940 0.0488
vn 0.0239 -0.2429 0.9698
vn 0.0239 -0.2429 -0.9698
vn 0.0979 -0.9940 -0.0488
vn 0.0332 -0.3367 0.9410
vn 0.0145 -0.1467 -0.9891
vn 0.0970 -0.9845 -0.1460
vn 0.0421 -0.4272 0.9032
vn 0.0048 -0.0491 -0.9988
vn 0.0951 -0.9656 -0.2419
vn 0.0506 -0.5134 0.8566
vn 0.0923 -0.9375 -0.3354
vn 0.0586 -0.5947 0.8018
vn 0.0887 -0.9004 -0.4259
vn 0.0660 -0.6701 0.7393
vn -0.0728 -0.7390 -0.6698
vn -0.0842 -0.8547 0.5123
vn -0.0660 -0.6701 -0.7393
vn -0.0887 -0.9004 0.4259
vn -0.0586 -0.5947 -0.8018
vn -0.0923 -0.9375 0.3355
vn -0.0506 -0.5134 -0.8566
vn -0.0951 -0.9656 0.2419
vn -0.0048 -0.0491 0.9988
vn -0.0421 -0.4272 -0.9032
vn -0.0970 -0.9845 0.1460
vn -0.0144 -0.1467 0.9891
vn -0.0332 -0.3367 -0.9410
vn -0.0979 -0.9940 0.0488
vn -0.0239 -0.2429 0.9698
vn -0.0239 -0.2429 -0.9698
vn -0.0979 -0.9940 -0.0488
vn -0.0332 -0.3367 0.9410
vn -0.0144 -0.1467 -0.9891
vn -0.0970 -0.9845 -0.1460
vn -0.0421 -0.4272 0.9032
vn -0.0048 -0.0491 -0.9988
vn -0.0951 -0.9656 -0.2419
vn -0.0506 -0.5134 0.8566
vn -0.0923 -0.9375 -0.3355
vn -0.0586 -0.5947 0.8018
vn -0.0887 -0.9004 -0.4259
vn -0.0660 -0.6701 0.7393
vn -0.0842 -0.8547 -0.5123
vn -0.0728 -0.7390 0.6698
vn -0.0789 -0.8007 -0.5938
vn -0.0789 -0.8007 0.5938
vn -0.1735 -0.5718 -0.8018
vn -0.2735 -0.9015 0.3355
vn -0.1498 -0.4937 -0.8566
vn -0.2817 -0.9285 0.2419
vn -0.0143 -0.0472 0.9988
vn -0.1246 -0.4108 -0.9032
vn -0.2872 -0.9467 0.1460
vn -0.0428 -0.1411 0.9891
vn -0.0982 -0.3238 -0.9410
vn -0.2899 -0.9558 0.0488
vn -0.0709 -0.2336 0.9698
vn -0.0709 -0.2336 -0.9698
vn -0.2899 -0.9558 -0.0488
vn -0.0982 -0.3238 0.9410
vn -0.0428 -0.1411 -0.9891
vn -0.2872 -0.9467 -0.1460
vn -0.1246 -0.4108 0.9032
vn -0.0143 -0.0472 -0.9988
vn -0.2817 -0.9285 -0.2419
vn -0.1498 -0.4937 0.8566
vn -0.2735 -0.9015 -0.3355
vn -0.1735 -0.5718 0.8018
vn -0.2626 -0.8658 -0.4259
vn -0.1955 -0.6443 0.7393
vn -0.2493 -0.8218 -0.5123
vn -0.2156 -0.7106 0.6698
vn -0.2336 -0.7699 -0.5938
vn -0.2336 -0.7699 0.5938
vn -0.2156 -0.7106 -0.6698
vn -0.2493 -0.8218 0.5123
vn -0.1955 -0.6443 -0.7393
vn -0.2626 -0.8658 0.4259
vn -0.0232 -0.0435 0.9988
vn -0.2023 -0.3786 -0.9032
vn -0.4663 -0.8725 0.1460
vn -0.0695 -0.1300 0.9891
vn -0.1595 -0.2984 -0.9410
vn -0.4708 -0.8809 0.0488
vn -0.1151 -0.2153 0.9698
vn -0.1151 -0.2153 -0.9698
vn -0.4708 -0.8809 -0.0488
vn -0.1595 -0.2984 0.9410
vn -0.0695 -0.1300 -0.9891
vn -0.4663 -0.8725 -0.1460
vn -0.2023 -0.3786 0.9032
vn -0.0232 -0.0435 -0.9988
vn -0.4574 -0.8557 -0.2419
vn -0.2432 -0.4550 0.8566
vn -0.4441 -0.8308 -0.3355
vn -0.2817 -0.5270 0.8018
vn -0.4265 -0.7979 -0.4259
vn -0.3174 -0.5938 0.7393
vn -0.4048 -0.7574 -0.5123
vn -0.3500 -0.6549 0.6698
vn -0.3793 -0.7096 -0.5938
vn -0.3793 -0.7096 0.5938
vn -0.3500 -0.6549 -0.6698
vn -0.4048 -0.7574 0.5123
vn -0.3174 -0.5938 -0.7393
vn -0.4265 -0.7979 0.4259
vn -0.2817 -0.5270 -0.8018
vn -0.4441 -0.8308 0.3355
vn -0.2432 -0.4550 -0.8566
vn -0.4574 -0.8557 0.2419
vn -0.1548 -0.1887 0.9698
vn -0.1548 -0.1887 -0.9698
vn -0.6336 -0.7721 -0.0488
vn -0.2146 -0.2615 0.9410
vn -0.0935 -0.1140 -0.9891
vn -0.6276 -0.7647 -0.1460
vn -0.2723 -0.3318 0.9032
vn -0.0313 -0.0381 -0.9988
vn -0.6156 -0.7501 -0.2419
vn -0.3273 -0.3988 0.8566
vn -0.5976 -0.7282 -0.3354
vn -0.3791 -0.4619 0.8018
vn -0.5740 -0.6994 -0.4259
vn -0.4272 -0.5205 0.7393
vn -0.5448 -0.6639 -0.5123
vn -0.4711 -0.5740 0.6698
vn -0.5104 -0.6219 -0.5938
vn -0.5104 -0.6219 0.5938
vn -0.4711 -0.5740 -0.6698
vn -0.5448 -0.6639 0.5123
vn -0.4272 -0.5205 -0.7393
vn -0.5740 -0.6994 0.4259
vn -0.3791 -0.4619 -0.8018
vn -0.5976 -0.7282 0.3355
vn -0.3273 -0.3988 -0.8566
vn -0.6156 -0.7501 0.2419
vn -0.0313 -0.0381 0.9988
vn -0.2723 -0.3318 -0.9032
vn -0.6276 -0.7647 0.1460
vn -0.0935 -0.1140 0.9891
vn -0.2146 -0.2615 -0.9410
vn -0.6336 -0.7721 0.0488
vn -0.3318 -0.2723 0.9032
vn -0.0381 -0.0313 -0.9988
vn -0.7501 -0.6156 -0.2419
vn -0.3988 -0.3273 0.8566
vn -0.7282 -0.5976 -0.3354
vn -0.4619 -0.3791 0.8018
vn -0.6994 -0.5740 -0.4259
vn -0.5205 -0.4272 0.7393
vn -0.6639 -0.5448 -0.5123
vn -0.5740 -0.4711 0.6698
vn -0.6219 -0.5104 -0.5938
vn -0.6219 -0.5104 0.5938
vn -0.5740 -0.4711 -0.6698
vn -0.6639 -0.5448 0.5123
vn -0.5205 -0.4272 -0.7393
vn -0.6994 -0.5740 0.4259
vn -0.4619 -0.3791 -0.8018
vn -0.7282 -0.5976 0.3355
vn -0.3988 -0.3273 -0.8566
vn -0.7501 -0.6156 0.2419
vn -0.0381 -0.0313 0.9988
vn -0.3318 -0.2723 -0.9032
vn -0.7647 -0.6276 0.1460
vn -0.1140 -0.0935 0.9891
vn -0.2615 -0.2146 -0.9410
vn -0.7721 -0.6336 0.0488
vn -0.1887 -0.1548 0.9698
vn -0.1887 -0.1548 -0.9698
vn -0.7721 -0.6336 -0.0488
vn -0.2615 -0.2146 0.9410
vn -0.1140 -0.0935 -0.9891
vn -0.7647 -0.6276 -0.1460
vn -0.5270 -0.2817 0.8018
vn -0.7979 -0.4265 -0.4259
vn -0.5938 -0.3174 0.7393
vn -0.7574 -0.4048 -0.5123
vn -0.6549 -0.3500 0.6698
vn -0.7096 -0.3793 -0.5938
vn -0.7096 -0.3793 0.5938
vn -0.6549 -0.3500 -0.6698
vn -0.7574 -0.4048 0.5123
vn -0.5938 -0.3174 -0.7393
vn -0.7979 -0.4265 0.4259
vn -0.5270 -0.2817 -0.8018
vn -0.8308 -0.4441 0.3355
vn -0.4550 -0.2432 -0.8566
vn -0.8557 -0.4574 0.2419
vn -0.0435 -0.0232 0.9988
vn -0.3786 -0.2023 -0.9032
vn -0.8725 -0.4663 0.1460
vn -0.1300 -0.0695 0.9891
vn -0.2984 -0.1595 -0.9410
vn -0.8809 -0.4708 0.0488
vn -0.2153 -0.1151 0.9698
vn -0.2153 -0.1151 -0.9698
vn -0.8809 -0.4708 -0.0488
vn -0.2984 -0.1595 0.9410
vn -0.1300 -0.0695 -0.9891
vn -0.8725 -0.4663 -0.1460
vn -0.3786 -0.2023 0.9032
vn -0.0435 -0.0232 -0.9988
vn -0.8557 -0.4574 -0.2419
vn -0.4550 -0.2432 0.8566
vn -0.8308 -0.4441 -0.3354
vn -0.7106 -0.2156 0.6698
vn -0.7699 -0.2336 -0.5938
vn -0.7699 -0.2336 0.5938
vn -0.7106 -0.2156 -0.6698
vn -0.8218 -0.2493 0.5123
vn -0.6443 -0.1955 -0.7393
vn -0.8658 -0.2626 0.4259
vn -0.5718 -0.1735 -0.8018
vn -0.9015 -0.2735 0.3355
vn -0.4937 -0.1498 -0.8566
vn -0.9285 -0.2817 0.2419
vn -0.0472 -0.0143 0.9988
vn -0.4108 -0.1246 -0.9032
vn -0.9467 -0.2872 0.1460
vn -0.1411 -0.0428 0.9891
vn -0.3238 -0.0982 -0.9410
vn -0.9558 -0.2899 0.0488
vn -0.2336 -0.0709 0.9698
vn -0.2336 -0.0709 -0.9698
vn -0.9558 -0.2899 -0.0488
vn -0.3238 -0.0982 0.9410
vn -0.1411 -0.0428 -0.9891
vn -0.9467 -0.2872 -0.1460
vn -0.4108 -0.1246 0.9032
vn -0.0472 -0.0143 -0.9988
vn -0.9285 -0.2817 -0.2419
vn -0.4937 -0.1498 0.8566
vn -0.9015 -0.2735 -0.3354
vn -0.5718 -0.1735 0.8018
vn -0.8658 -0.2626 -0.4259
vn -0.6443 -0.1955 0.7393
vn -0.8218 -0.2493 -0.5123
vn -0.8547 -0.0842 0.5123
vn -0.6701 -0.0660 -0.7393
vn -0.9004 -0.0887 0.4259
vn -0.5947 -0.0586 -0.8018
vn -0.9375 -0.0923 0.3355
vn -0.5134 -0.0506 -0.8566
vn -0.9656 -0.0951 0.2419
vn -0.0491 -0.0048 0.9988
vn -0.4272 -0.0421 -0.9032
vn -0.9845 -0.0970 0.1460
vn -0.1467 -0.0145 0.9891
vn -0.3367 -0.0332 -0.9410
vn -0.9940 -0.0979 0.0488
vn -0.2429 -0.0239 0.9698
vn -0.2429 -0.0239 -0.9698
vn -0.9940 -0.0979 -0.0488
vn -0.3367 -0.0332 0.9410
vn -0.1467 -0.0145 -0.9891
vn -0.9845 -0.0970 -0.1460
vn -0.4272 -0.0421 0.9032
vn -0.0491 -0.0048 -0.9988
vn -0.9656 -0.0951 -0.2419
vn -0.5134 -0.0506 0.8566
vn -0.9375 -0.0923 -0.3354
vn -0.5947 -0.0586 0.8018
vn -0.9004 -0.0887 -0.4259
vn -0.6701 -0.0660 0.7393
vn -0.8547 -0.0842 -0.5123
vn -0.7390 -0.0728 0.6698
vn -0.8007 -0.0789 -0.5938
vn -0.8007 -0.0789 0.5938
vn -0.7390 -0.0728 -0.6698
vn -0.9375 0.0923 0.3355
vn -0.5134 0.0506 -0.8566
vn -0.9656 0.0951 0.2419
vn -0.0491 0.0048 0.9988
vn -0.4272 0.0421 -0.9032
vn -0.9845 0.0970 0.1460
vn -0.1467 0.0145 0.9891
vn -0.3367 0.0332 -0.9410
vn -0.9940 0.0979 0.0488
vn -0.2429 0.0239 0.9698
vn -0.2429 0.0239 -0.9698
vn -0.9940 0.0979 -0.0488
vn -0.3367 0.0332 0.9410
vn -0.1467 0.0145 -0.9891
vn -0.9845 0.0970 -0.1460
vn -0.4272 0.0421 0.9032
vn -0.0491 0.0048 -0.9988
vn -0.9656 0.0951 -0.2419
vn -0.5134 0.0506 0.8566
vn -0.9375 0.0923 -0.3354
vn -0.5947 0.0586 0.8018
vn -0.9004 0.0887 -0.4259
vn -0.6701 0.0660 0.7393
vn -0.8547 0.0842 -0.5123
vn -0.7390 0.0728 0.6698
vn -0.8007 0.0789 -0.5938
vn -0.8007 0.0789 0.5938
vn -0.7390 0.0728 -0.6698
vn -0.8547 0.0842 0.5123
vn -0.6701 0.0660 -0.7393
vn -0.9004 0.0887 0.4259
vn -0.5947 0.0586 -0.8018
vn -0.9467 0.2872 0.1460
vn -0.1411 0.0428 0.9891
vn -0.3238 0.0982 -0.9410
vn -0.9558 0.2899 0.0488
vn -0.2336 0.0709 0.9698
vn -0.2336 0.0709 -0.9698
vn -0.9558 0.2899 -0.0488
vn -0.3238 0.0982 0.9410
vn -0.1411 0.0428 -0.9891
vn -0.9467 0.2872 -0.1460
vn -0.4108 0.1246 0.9032
vn -0.0472 0.0143 -0.9988
vn -0.9285 0.2817 -0.2419
vn -0.4937 0.1498 0.8566
vn -0.9015 0.2735 -0.3354
vn -0.5718 0.1735 0.8018
vn -0.8658 0.2626 -0.4259
vn -0.6443 0.1955 0.7393
vn -0.8218 0.2493 -0.5123
vn -0.7106 0.2156 0.6698
vn -0.7699 0.2336 -0.5938
vn -0.7699 0.2336 0.5938
vn -0.7106 0.2156 -0.6698
vn -0.8218 0.2493 0.5123
vn -0.6443 0.1955 -0.7393
vn -0.8658 0.2626 0.4259
vn -0.5718 0.1735 -0.8018
vn -0.9015 0.2735 0.3355
vn -0.4937 0.1498 -0.8566
vn -0.9285 0.2817 0.2419
vn -0.0472 0.0143 0.9988
vn -0.4108 0.1246 -0.9032
vn -0.3786 0.2023 0.9032
vn -0.0435 0.0232 -0.9988
vn -0.8557 0.4574 -0.2419
vn -0.4550 0.2432 0.8566
vn -0.8308 0.4441 -0.3354
vn -0.5270 0.2817 0.8018
vn -0.7979 0.4265 -0.4259
vn -0.5938 0.3174 0.7393
vn -0.7574 0.4048 -0.5123
vn -0.6549 0.3500 0.6698
vn -0.7096 0.3793 -0.5938
vn -0.7096 0.3793 0.5938
vn -0.6549 0.3500 -0.6698
vn -0.7574 0.4048 0.5123
vn -0.5938 0.3174 -0.7393
vn -0.7979 0.4265 0.4259
vn -0.5270 0.2817 -0.8018
vn -0.8308 0.4441 0.3355
vn -0.4550 0.2432 -0.8566
vn -0.8557 0.4574 0.2419
vn -0.0435 0.0232 0.9988
vn -0.3786 0.2023 -0.9032
vn -0.8725 0.4663 0.1460
vn -0.1300 0.0695 0.9891
vn -0.2984 0.1595 -0.9410
vn -0.8809 0.4708 0.0488
vn -0.2153 0.1151 0.9698
vn -0.2153 0.1151 -0.9698
vn -0.8809 0.4708 -0.0488
vn -0.2984 0.1595 0.9410
vn -0.1300 0.0695 -0.9891
vn -0.8725 0.4663 -0.1460
vn -0.4619 0.3791 0.8018
vn -0.6994 0.5740 -0.4259
vn -0.5205 0.4272 0.7393
vn -0.6639 0.5448 -0.5123
vn -0.5740 0.4711 0.6698
vn -0.6219 0.5104 -0.5938
vn -0.6219 0.5104 0.5938
vn -0.5740 0.4711 -0.6698
vn -0.6639 0.5448 0.5123
vn -0.5205 0.4272 -0.7393
vn -0.6994 0.5740 0.4259
vn -0.4619 0.3791 -0.8018
vn -0.7282 0.5976 0.3355
vn -0.3988 0.3273 -0.8566
vn -0.7501 0.6156 0.2419
vn -0.0381 0.0313 0.9988
vn -0.3318 0.2723 -0.9032
vn -0.7647 0.6276 0.1460
vn -0.1140 0.0935 0.9891
vn -0.2615 0.2146 -0.9410
vn -0.7721 0.6336 0.0488
vn -0.1887 0.1548 0.9698
vn -0.1887 0.1548 -0.9698
vn -0.7721 0.6336 -0.0488
vn -0.2615 0.2146 0.9410
vn -0.1140 0.0935 -0.9891
vn -0.7647 0.6276 -0.1460
vn -0.3318 0.2723 0.9032
vn -0.0381 0.0313 -0.9988
vn -0.7501 0.6156 -0.2419
vn -0.3988 0.3273 0.8566
vn -0.7282 0.5976 -0.3355
vn -0.4711 0.5740 0.6698
vn -0.5104 0.6219 -0.5938
vn -0.5104 0.6220 0.5938
vn -0.4711 0.5740 -0.6698
vn -0.5448 0.6639 0.5123
vn -0.4272 0.5205 -0.7393
vn -0.5740 0.6994 0.4259
vn -0.3791 0.4619 -0.8018
vn -0.5976 0.7282 0.3355
vn -0.3273 0.3988 -0.8566
vn -0.6156 0.7501 0.2419
vn -0.0313 0.0381 0.9988
vn -0.2723 0.3318 -0.9032
vn -0.6276 0.7647 0.1460
vn -0.0935 0.1140 0.9891
vn -0.2146 0.2615 -0.9410
vn -0.6336 0.7721 0.0488
vn -0.1548 0.1887 0.9698
vn -0.1548 0.1887 -0.9698
vn -0.6336 0.7721 -0.0488
vn -0.2146 0.2615 0.9410
vn -0.0935 0.1140 -0.9891
vn -0.6276 0.7647 -0.1460
vn -0.2723 0.3318 0.9032
vn -0.0313 0.0381 -0.9988
vn -0.6156 0.7501 -0.2419
vn -0.3273 0.3988 0.8566
vn -0.5976 0.7282 -0.3354
vn -0.3791 0.4619 0.8018
vn -0.5740 0.6994 -0.4259
vn -0.4272 0.5205 0.7393
vn -0.5448 0.6639 -0.5123
vn -0.4048 0.7574 0.5123
vn -0.3174 0.5938 -0.7393
vn -0.4265 0.7979 0.4259
vn -0.2817 0.5270 -0.8018
vn -0.4441 0.8308 0.3355
vn -0.2432 0.4550 -0.8566
vn -0.4574 0.8557 0.2419
vn -0.0232 0.0435 0.9988
vn -0.2023 0.3786 -0.9032
vn -0.4663 0.8725 0.1460
vn -0.0695 0.1300 0.9891
vn -0.1595 0.2984 -0.9410
vn -0.4708 0.8809 0.0488
vn -0.1151 0.2153 0.9698
vn -0.1151 0.2153 -0.9698
vn -0.4708 0.8809 -0.0488
vn -0.1595 0.2984 0.9410
vn -0.0695 0.1300 -0.9891
vn -0.4663 0.8725 -0.1460
vn -0.2023 0.3786 0.9032
vn -0.0232 0.0435 -0.9988
vn -0.4574 0.8557 -0.2419
vn -0.2432 0.4550 0.8566
vn -0.4441 0.8308 -0.3354
vn -0.2817 0.5270 0.8018
vn -0.4265 0.7979 -0.4259
vn -0.3174 0.5938 0.7393
vn -0.4048 0.7574 -0.5123
vn -0.3500 0.6549 0.6698
vn -0.3793 0.7096 -0.5938
vn -0.3793 0.7096 0.5938
vn -0.3500 0.6549 -0.6698
vn -0.2735 0.9015 0.3355
vn -0.1498 0.4937 -0.8566
vn -0.2817 0.9285 0.2419
vn -0.0143 0.0472 0.9988
vn -0.1246 0.4108 -0.9032
vn -0.2872 0.9467 0.1460
vn -0.0428 0.1411 0.9891
vn -0.0982 0.3238 -0.9410
vn -0.2899 0.9558 0.0488
vn -0.0709 0.2336 0.9698
vn -0.0709 0.2336 -0.9698
vn -0.2899 0.9558 -0.0488
vn -0.0982 0.3238 0.9410
vn -0.0428 0.1411 -0.9891
vn -0.2872 0.9467 -0.1460
vn -0.1246 0.4108 0.9032
vn -0.0143 0.0472 -0.9988
vn -0.2817 0.9285 -0.2419
vn -0.1498 0.4937 0.8566
vn -0.2735 0.9015 -0.3354
vn -0.1735 0.5718 0.8018
vn -0.2626 0.8658 -0.4259
vn -0.1955 0.6443 0.7393
vn -0.2493 0.8218 -0.5123
vn -0.2156 0.7106 0.6698
vn -0.2336 0.7699 -0.5938
vn -0.2336 0.7699 0.5938
vn -0.2156 0.7106 -0.6698
vn -0.2493 0.8218 0.5123
vn -0.1955 0.6443 -0.7393
vn -0.2626 0.8658 0.4259
vn -0.1735 0.5718 -0.8018
vn -0.0970 0.9845 0.1460
vn -0.0144 0.1467 0.9891
vn -0.0332 0.3367 -0.9410
vn -0.0979 0.9940 0.0488
vn -0.0239 0.2429 0.9698
vn -0.0239 0.2429 -0.9698
vn -0.0979 0.9940 -0.0488
vn -0.0332 0.3367 0.9410
vn -0.0144 0.1467 -0.9891
vn -0.0970 0.9845 -0.1460
vn -0.0421 0.4272 0.9032
vn -0.0048 0.0491 -0.9988
vn -0.0951 0.9656 -0.2419
vn -0.0506 0.5134 0.8566
vn -0.0923 0.9375 -0.3354
vn -0.0586 0.5947 0.8018
vn -0.0887 0.9004 -0.4259
vn -0.0660 0.6701 0.7393
vn -0.0842 0.8547 -0.5123
vn -0.0728 0.7390 0.6698
vn -0.0789 0.8007 -0.5938
vn -0.0789 0.8007 0.5938
vn -0.0728 0.7390 -0.6698
vn -0.0842 0.8547 0.5123
vn -0.0660 0.6701 -0.7393
vn -0.0887 0.9004 0.4259
vn -0.0586 0.5947 -0.8018
vn -0.0923 0.9375 0.3354
vn -0.0506 0.5134 -0.8566
vn -0.0951 0.9656 0.2419
vn -0.0048 0.0491 0.9988
vn -0.0421 0.4272 -0.9032
vn 0.0923 0.9375 0.3355
vn 0.0144 0.1467 0.9891
vn 0.2735 0.9015 0.3355
vn 0.1467 0.0144 -0.9891
vn 0.1467 -0.0145 -0.9891
vn 0.8308 -0.4441 -0.3354
vn 0.7282 -0.5976 -0.3354
vn 0.4441 -0.8308 -0.3355
vn 0.2735 -0.9015 -0.3354
vn 0.0145 -0.1467 0.9891
vn -0.0145 -0.1467 0.9891
vn -0.0923 -0.9375 -0.3354
vn -0.2735 -0.9015 -0.3354
vn -0.4441 -0.8308 -0.3354
vn -0.1467 -0.0144 -0.9891
vn -0.7282 0.5976 -0.3354
vn -0.5104 0.6219 0.5938
vn -0.0145 0.1467 0.9891
vn -0.0145 0.1467 -0.9891
vn -0.0923 0.9375 -0.3355
vn -0.0923 0.9375 0.3355