vn 0.0000 0.9572 -0.2894
vn 0.1803 0.9066 -0.3816
vn 0.0000 0.9243 -0.3816
vn 0.0000 0.5577 0.8300
vn 0.1241 0.6240 0.7715
vn 0.0000 0.6362 0.7715
vn 0.1722 0.8656 -0.4701
vn 0.0000 0.8826 -0.4701
vn 0.0000 0.7086 0.7056
vn 0.1382 0.6950 0.7056
vn 0.1624 0.8164 -0.5542
vn 0.0000 0.8324 -0.5542
vn 0.1510 0.7593 0.6329
vn 0.0000 0.7742 0.6329
vn 0.1510 0.7593 -0.6329
vn 0.0000 0.7742 -0.6329
vn 0.1624 0.8164 0.5542
vn 0.0000 0.8324 0.5542
vn 0.1382 0.6950 -0.7056
vn 0.0000 0.7086 -0.7056
vn 0.1722 0.8656 0.4701
vn 0.0000 0.8826 0.4701
vn 0.1241 0.6240 -0.7715
vn 0.0000 0.6362 -0.7715
vn 0.1803 0.9066 0.3816
vn 0.0000 0.9243 0.3816
vn 0.1088 0.5470 -0.8300
vn 0.0000 0.5577 -0.8300
vn 0.0000 0.9572 0.2894
vn 0.1867 0.9388 0.2894
vn 0.0924 0.4646 -0.8806
vn 0.0000 0.4738 -0.8806
vn 0.1914 0.9620 0.1945
vn 0.0000 0.9809 0.1945
vn 0.0000 0.1010 0.9949
vn 0.0000 0.0000 1.0000
vn 0.0197 0.0991 0.9949
vn 0.0751 0.3779 -0.9228
vn 0.0000 0.3853 -0.9228
vn 0.1941 0.9761 0.0977
vn 0.0000 0.9952 0.0977
vn 0.0000 0.1980 0.9802
vn 0.0386 0.1942 0.9802
vn 0.0572 0.2875 -0.9561
vn 0.0000 0.2931 -0.9561
vn 0.1951 0.9808 0.0000
vn 0.0000 1.0000 0.0000
vn 0.0000 0.2931 0.9561
vn 0.0572 0.2875 0.9561
vn 0.0386 0.1942 -0.9802
vn 0.0000 0.1980 -0.9802
vn 0.0000 0.9952 -0.0977
vn 0.1941 0.9761 -0.0977
vn 0.0000 0.3853 0.9228
vn 0.0751 0.3779 0.9228
vn 0.0197 0.0991 -0.9949
vn 0.0000 0.1010 -0.9949
vn 0.0000 0.9809 -0.1945
vn 0.1914 0.9620 -0.1945
vn 0.0924 0.4646 0.8806
vn 0.0000 0.4738 0.8806
vn 0.0000 0.0000 -1.0000
vn 0.1867 0.9388 -0.2894
vn 0.1088 0.5470 0.8300
vn 0.1474 0.3559 -0.9228
vn 0.3808 0.9194 0.0977
vn 0.0387 0.0934 0.9949
vn 0.0758 0.1830 0.9802
vn 0.1122 0.2708 -0.9561
vn 0.3827 0.9239 0.0000
vn 0.1122 0.2708 0.9561
vn 0.0758 0.1830 -0.9802
vn 0.3808 0.9194 -0.0977
vn 0.1474 0.3559 0.9228
vn 0.0387 0.0934 -0.9949
vn 0.3753 0.9062 -0.1945
vn 0.1813 0.4377 0.8806
vn 0.3663 0.8843 -0.2894
vn 0.2134 0.5152 0.8300
vn 0.3537 0.8539 -0.3816
vn 0.2434 0.5878 0.7715
vn 0.3377 0.8154 -0.4701
vn 0.2712 0.6547 0.7056
vn 0.3185 0.7690 -0.5542
vn 0.2963 0.7153 0.6329
vn 0.2963 0.7153 -0.6329
vn 0.3185 0.7690 0.5542
vn 0.2712 0.6547 -0.7056
vn 0.3377 0.8154 0.4701
vn 0.2434 0.5878 -0.7715
vn 0.3537 0.8539 0.3816
vn 0.2134 0.5152 -0.8300
vn 0.3663 0.8843 0.2894
vn 0.1813 0.4377 -0.8806
vn 0.3753 0.9062 0.1945
vn 0.1100 0.1646 -0.9802
vn 0.5529 0.8275 -0.0977
vn 0.2141 0.3204 0.9228
vn 0.0561 0.0840 -0.9949
vn 0.5449 0.8156 -0.1945
vn 0.2632 0.3939 0.8806
vn 0.5318 0.7959 -0.2894
vn 0.3098 0.4637 0.8300
vn 0.5135 0.7685 -0.3816
vn 0.3534 0.5290 0.7715
vn 0.4903 0.7338 -0.4701
vn 0.3937 0.5892 0.7056
vn 0.4624 0.6921 -0.5542
vn 0.4301 0.6437 0.6329
vn 0.4301 0.6437 -0.6329
vn 0.4624 0.6921 0.5542
vn 0.3937 0.5892 -0.7056
vn 0.4903 0.7338 0.4701
vn 0.3534 0.5290 -0.7715
vn 0.5135 0.7685 0.3816
vn 0.3098 0.4637 -0.8300
vn 0.5318 0.7959 0.2894
vn 0.2632 0.3939 -0.8806
vn 0.5449 0.8156 0.1945
vn 0.0561 0.0840 0.9949
vn 0.2141 0.3204 -0.9228
vn 0.5529 0.8275 0.0977
vn 0.1100 0.1646 0.9802
vn 0.1628 0.2437 -0.9561
vn 0.5556 0.8314 0.0000
vn 0.1628 0.2437 0.9561
vn 0.0714 0.0714 -0.9949
vn 0.6936 0.6936 -0.1945
vn 0.6768 0.6768 -0.2894
vn 0.3943 0.3943 0.8300
vn 0.6536 0.6536 -0.3816
vn 0.4499 0.4499 0.7715
vn 0.6241 0.6241 -0.4701
vn 0.5011 0.5011 0.7056
vn 0.5886 0.5886 -0.5542
vn 0.5474 0.5474 0.6329
vn 0.5474 0.5474 -0.6329
vn 0.5886 0.5886 0.5542
vn 0.5011 0.5011 -0.7056
vn 0.6241 0.6241 0.4701
vn 0.4499 0.4499 -0.7715
vn 0.6536 0.6536 0.3816
vn 0.3943 0.3943 -0.8300
vn 0.6768 0.6768 0.2894
vn 0.3350 0.3350 -0.8806
vn 0.6936 0.6936 0.1945
vn 0.0714 0.0714 0.9949
vn 0.2724 0.2724 -0.9228
vn 0.7037 0.7037 0.0977
vn 0.1400 0.1400 0.9802
vn 0.2072 0.2072 -0.9561
vn 0.7071 0.7071 0.0000
vn 0.2072 0.2072 0.9561
vn 0.1400 0.1400 -0.9802
vn 0.7037 0.7037 -0.0977
vn 0.2724 0.2724 0.9228
vn 0.3350 0.3350 0.8806
vn 0.7338 0.4903 -0.4701
vn 0.5892 0.3937 0.7056
vn 0.6921 0.4624 -0.5542
vn 0.6437 0.4301 0.6329
vn 0.6437 0.4301 -0.6329
vn 0.6921 0.4624 0.5542
vn 0.5892 0.3937 -0.7056
vn 0.7338 0.4903 0.4701
vn 0.5290 0.3534 -0.7715
vn 0.7685 0.5135 0.3816
vn 0.4637 0.3098 -0.8300
vn 0.7959 0.5318 0.2894
vn 0.3939 0.2632 -0.8806
vn 0.8156 0.5449 0.1945
vn 0.0840 0.0561 0.9949
vn 0.3204 0.2141 -0.9228
vn 0.8275 0.5529 0.0977
vn 0.1646 0.1100 0.9802
vn 0.2437 0.1628 -0.9561
vn 0.8314 0.5556 0.0000
vn 0.2437 0.1628 0.9561
vn 0.1646 0.1100 -0.9802
vn 0.8275 0.5529 -0.0977
vn 0.3204 0.2141 0.9228
vn 0.0840 0.0561 -0.9949
vn 0.8156 0.5449 -0.1945
vn 0.3939 0.2632 0.8806
vn 0.7959 0.5318 -0.2894
vn 0.4637 0.3098 0.8300
vn 0.7685 0.5135 -0.3816
vn 0.5290 0.3534 0.7715
vn 0.7153 0.2963 -0.6329
vn 0.7153 0.2963 0.6329
vn 0.7690 0.3185 0.5542
vn 0.6547 0.2712 -0.7056
vn 0.8154 0.3377 0.4701
vn 0.5878 0.2434 -0.7715
vn 0.8539 0.3537 0.3816
vn 0.5152 0.2134 -0.8300
vn 0.8843 0.3663 0.2894
vn 0.4377 0.1813 -0.8806
vn 0.9062 0.3753 0.1945
vn 0.0934 0.0387 0.9949
vn 0.3559 0.1474 -0.9228
vn 0.9194 0.3808 0.0977
vn 0.1830 0.0758 0.9802
vn 0.2708 0.1122 -0.9561
vn 0.9239 0.3827 0.0000
vn 0.2708 0.1122 0.9561
vn 0.1830 0.0758 -0.9802
vn 0.9194 0.3808 -0.0977
vn 0.3559 0.1474 0.9228
vn 0.0934 0.0387 -0.9949
vn 0.9062 0.3753 -0.1945
vn 0.4377 0.1813 0.8806
vn 0.8843 0.3663 -0.2894
vn 0.5152 0.2134 0.8300
vn 0.8539 0.3537 -0.3816
vn 0.5878 0.2434 0.7715
vn 0.8154 0.3377 -0.4701
vn 0.6547 0.2712 0.7056
vn 0.7690 0.3185 -0.5542
vn 0.6240 0.1241 -0.7715
vn 0.9066 0.1803 0.3816
vn 0.5470 0.1088 -0.8300
vn 0.9388 0.1867 0.2894
vn 0.4646 0.0924 -0.8806
vn 0.9620 0.1914 0.1945
vn 0.0991 0.0197 0.9949
vn 0.3779 0.0751 -0.9228
vn 0.9761 0.1941 0.0977
vn 0.1942 0.0386 0.9802
vn 0.2875 0.0572 -0.9561
vn 0.9808 0.1951 0.0000
vn 0.2875 0.0572 0.9561
vn 0.1942 0.0386 -0.9802
vn 0.9761 0.1941 -0.0977
vn 0.3779 0.0752 0.9228
vn 0.0991 0.0197 -0.9949
vn 0.9620 0.1914 -0.1945
vn 0.4646 0.0924 0.8806
vn 0.9388 0.1867 -0.2894
vn 0.5470 0.1088 0.8300
vn 0.9066 0.1803 -0.3816
vn 0.6240 0.1241 0.7715
vn 0.8656 0.1722 -0.4701
vn 0.6950 0.1382 0.7056
vn 0.8164 0.1624 -0.5542
vn 0.7593 0.1510 0.6329
vn 0.7593 0.1510 -0.6329
vn 0.8164 0.1624 0.5542
vn 0.6950 0.1382 -0.7056
vn 0.8656 0.1722 0.4701
vn 0.4738 0.0000 -0.8806
vn 0.9809 0.0000 0.1945
vn 0.1010 0.0000 0.9949
vn 0.3853 0.0000 -0.9228
vn 0.9952 0.0000 0.0977
vn 0.1980 0.0000 0.9802
vn 0.2931 0.0000 -0.9561
vn 1.0000 0.0000 0.0000
vn 0.2931 0.0000 0.9561
vn 0.1980 0.0000 -0.9802
vn 0.9952 0.0000 -0.0977
vn 0.3853 0.0000 0.9228
vn 0.1010 0.0000 -0.9949
vn 0.9809 0.0000 -0.1945
vn 0.4738 0.0000 0.8806
vn 0.9572 0.0000 -0.2894
vn 0.5577 0.0000 0.8300
vn 0.9243 0.0000 -0.3816
vn 0.6362 0.0000 0.7715
vn 0.8826 0.0000 -0.4701
vn 0.7086 0.0000 0.7056
vn 0.8324 0.0000 -0.5542
vn 0.7742 0.0000 0.6329
vn 0.7742 0.0000 -0.6329
vn 0.8324 0.0000 0.5542
vn 0.7086 0.0000 -0.7056
vn 0.8826 0.0000 0.4701
vn 0.6362 0.0000 -0.7715
vn 0.9243 0.0000 0.3816
vn 0.5577 0.0000 -0.8300
vn 0.9572 0.0000 0.2894
vn 0.1942 -0.0386 0.9802
vn 0.3779 -0.0752 -0.9228
vn 0.2875 -0.0572 -0.9561
vn 0.9761 -0.1941 0.0977
vn 0.9808 -0.1951 0.0000
vn 0.2875 -0.0572 0.9561
vn 0.1942 -0.0386 -0.9802
vn 0.9761 -0.1941 -0.0977
vn 0.3779 -0.0752 0.9228
vn 0.0991 -0.0197 -0.9949
vn 0.9620 -0.1914 -0.1945
vn 0.4646 -0.0924 0.8806
vn 0.9388 -0.1867 -0.2894
vn 0.5470 -0.1088 0.8300
vn 0.9066 -0.1803 -0.3816
vn 0.6240 -0.1241 0.7715
vn 0.8656 -0.1722 -0.4701
vn 0.6950 -0.1382 0.7056
vn 0.8164 -0.1624 -0.5542
vn 0.7593 -0.1510 0.6329
vn 0.7593 -0.1510 -0.6329
vn 0.8164 -0.1624 0.5542
vn 0.6950 -0.1382 -0.7056
vn 0.8656 -0.1722 0.4701
vn 0.6240 -0.1241 -0.7715
vn 0.9066 -0.1803 0.3816
vn 0.5470 -0.1088 -0.8300
vn 0.9388 -0.1867 0.2894
vn 0.4646 -0.0924 -0.8806
vn 0.9620 -0.1914 0.1945
vn 0.0991 -0.0197 0.9949
vn 0.3559 -0.1474 0.9228
vn 0.0934 -0.0387 -0.9949
vn 0.9062 -0.3753 -0.1945
vn 0.4377 -0.1813 0.8806
vn 0.8843 -0.3663 -0.2894
vn 0.5152 -0.2134 0.8300
vn 0.8539 -0.3537 -0.3816
vn 0.5878 -0.2434 0.7715
vn 0.8154 -0.3377 -0.4701
vn 0.6547 -0.2712 0.7056
vn 0.7690 -0.3185 -0.5542
vn 0.7153 -0.2963 0.6329
vn 0.7153 -0.2963 -0.6329
vn 0.7690 -0.3185 0.5542
vn 0.6547 -0.2712 -0.7056
vn 0.8154 -0.3377 0.4701
vn 0.5878 -0.2434 -0.7715
vn 0.8539 -0.3537 0.3816
vn 0.5152 -0.2134 -0.8300
vn 0.8843 -0.3663 0.2894
vn 0.4377 -0.1813 -0.8806
vn 0.9062 -0.3753 0.1945
vn 0.0934 -0.0387 0.9949
vn 0.3559 -0.1474 -0.9228
vn 0.9194 -0.3808 0.0977
vn 0.1830 -0.0758 0.9802
vn 0.2708 -0.1122 -0.9561
vn 0.9239 -0.3827 0.0000
vn 0.2708 -0.1122 0.9561
vn 0.1830 -0.0758 -0.9802
vn 0.9194 -0.3808 -0.0977
vn 0.4637 -0.3098 0.8300
vn 0.7685 -0.5135 -0.3816
vn 0.5290 -0.3534 0.7715
vn 0.7338 -0.4903 -0.4701
vn 0.5892 -0.3937 0.7056
vn 0.6921 -0.4624 -0.5542
vn 0.6437 -0.4301 0.6329
vn 0.6437 -0.4301 -0.6329
vn 0.6921 -0.4624 0.5542
vn 0.5892 -0.3937 -0.7056
vn 0.7338 -0.4903 0.4701
vn 0.5290 -0.3534 -0.7715
vn 0.7685 -0.5135 0.3816
vn 0.4637 -0.3098 -0.8300
vn 0.7959 -0.5318 0.2894
vn 0.3939 -0.2632 -0.8806
vn 0.8156 -0.5449 0.1945
vn 0.0840 -0.0561 0.9949
vn 0.3204 -0.2141 -0.9228
vn 0.8275 -0.5529 0.0977
vn 0.1646 -0.1100 0.9802
vn 0.2437 -0.1628 -0.9561
vn 0.8314 -0.5556 0.0000
vn 0.2437 -0.1628 0.9561
vn 0.1646 -0.1100 -0.9802
vn 0.8275 -0.5529 -0.0977
vn 0.3204 -0.2141 0.9228
vn 0.0840 -0.0561 -0.9949
vn 0.8156 -0.5449 -0.1945
vn 0.3939 -0.2632 0.8806
vn 0.7959 -0.5318 -0.2894
vn 0.4499 -0.4499 0.7715
vn 0.5011 -0.5011 0.7056
vn 0.6241 -0.6241 -0.4701
vn 0.5886 -0.5886 -0.5542
vn 0.5474 -0.5474 0.6329
vn 0.5474 -0.5474 -0.6329
vn 0.5886 -0.5886 0.5542
vn 0.5011 -0.5011 -0.7056
vn 0.6241 -0.6241 0.4701
vn 0.4499 -0.4499 -0.7715
vn 0.6536 -0.6536 0.3816
vn 0.3943 -0.3943 -0.8300
vn 0.6768 -0.6768 0.2894
vn 0.3350 -0.3350 -0.8806
vn 0.6936 -0.6936 0.1945
vn 0.0714 -0.0714 0.9949
vn 0.2724 -0.2724 -0.9228
vn 0.7037 -0.7037 0.0977
vn 0.1400 -0.1400 0.9802
vn 0.2072 -0.2072 -0.9561
vn 0.7071 -0.7071 0.0000
vn 0.2072 -0.2072 0.9561
vn 0.1400 -0.1400 -0.9802
vn 0.7037 -0.7037 -0.0977
vn 0.2724 -0.2724 0.9228
vn 0.0714 -0.0714 -0.9949
vn 0.6936 -0.6936 -0.1945
vn 0.3350 -0.3350 0.8806
vn 0.6768 -0.6768 -0.2894
vn 0.3943 -0.3943 0.8300
vn 0.6536 -0.6536 -0.3816
vn 0.4301 -0.6437 0.6329
vn 0.4624 -0.6921 0.5542
vn 0.4301 -0.6437 -0.6329
vn 0.3937 -0.5892 -0.7056
vn 0.4903 -0.7338 0.4701
vn 0.3534 -0.5290 -0.7715
vn 0.5135 -0.7685 0.3816
vn 0.3098 -0.4637 -0.8300
vn 0.5318 -0.7959 0.2894
vn 0.2632 -0.3939 -0.8806
vn 0.5449 -0.8156 0.1945
vn 0.0561 -0.0840 0.9949
vn 0.2141 -0.3204 -0.9228
vn 0.5529 -0.8275 0.0977
vn 0.1100 -0.1646 0.9802
vn 0.1628 -0.2437 -0.9561
vn 0.5556 -0.8314 0.0000
vn 0.1628 -0.2437 0.9561
vn 0.1100 -0.1646 -0.9802
vn 0.5529 -0.8275 -0.0977
vn 0.2141 -0.3204 0.9228
vn 0.0561 -0.0840 -0.9949
vn 0.5449 -0.8156 -0.1945
vn 0.2632 -0.3939 0.8806
vn 0.5318 -0.7959 -0.2894
vn 0.3098 -0.4637 0.8300
vn 0.5135 -0.7685 -0.3816
vn 0.3534 -0.5290 0.7715
vn 0.4903 -0.7338 -0.4701
vn 0.3937 -0.5892 0.7056
vn 0.4624 -0.6921 -0.5542
vn 0.3537 -0.8539 0.3816
vn 0.2434 -0.5878 -0.7715
vn 0.2134 -0.5152 -0.8300
vn 0.3663 -0.8843 0.2894
vn 0.1813 -0.4377 -0.8806
vn 0.3753 -0.9062 0.1945
vn 0.0387 -0.0934 0.9949
vn 0.1474 -0.3559 -0.9228
vn 0.3808 -0.9194 0.0977
vn 0.0758 -0.1830 0.9802
vn 0.1122 -0.2708 -0.9561
vn 0.3827 -0.9239 0.0000
vn 0.1122 -0.2708 0.9561
vn 0.0758 -0.1830 -0.9802
vn 0.3808 -0.9194 -0.0977
vn 0.1474 -0.3559 0.9228
vn 0.0387 -0.0934 -0.9949
vn 0.3753 -0.9062 -0.1945
vn 0.1813 -0.4377 0.8806
vn 0.3663 -0.8843 -0.2894
vn 0.2134 -0.5152 0.8300
vn 0.3537 -0.8539 -0.3816
vn 0.2434 -0.5878 0.7715
vn 0.3377 -0.8154 -0.4701
vn 0.2712 -0.6547 0.7056
vn 0.3185 -0.7690 -0.5542
vn 0.2963 -0.7153 0.6329
vn 0.2963 -0.7153 -0.6329
vn 0.3185 -0.7690 0.5542
vn 0.2712 -0.6547 -0.7056
vn 0.3377 -0.8154 0.4701
vn 0.1914 -0.9620 0.1945
vn 0.0197 -0.0991 0.9949
vn 0.0924 -0.4646 -0.8806
vn 0.0751 -0.3779 -0.9228
vn 0.1941 -0.9761 0.0977
vn 0.0386 -0.1942 0.9802
vn 0.0572 -0.2875 -0.9561
vn 0.1951 -0.9808 0.0000
vn 0.0572 -0.2875 0.9561
vn 0.0386 -0.1942 -0.9802
vn 0.1941 -0.9761 -0.0977
vn 0.0752 -0.3779 0.9228
vn 0.0197 -0.0991 -0.9949
vn 0.1914 -0.9620 -0.1945
vn 0.0924 -0.4646 0.8806
vn 0.1867 -0.9388 -0.2894
vn 0.1088 -0.5470 0.8300
vn 0.1803 -0.9066 -0.3816
vn 0.1241 -0.6240 0.7715
vn 0.1722 -0.8656 -0.4701
vn 0.1382 -0.6950 0.7056
vn 0.1624 -0.8164 -0.5542
vn 0.1510 -0.7593 0.6329
vn 0.1510 -0.7593 -0.6329
vn 0.1624 -0.8164 0.5542
vn 0.1382 -0.6950 -0.7056
vn 0.1722 -0.8656 0.4701
vn 0.1241 -0.6240 -0.7715
vn 0.1803 -0.9066 0.3816
vn 0.1088 -0.5470 -0.8300
vn 0.1867 -0.9388 0.2894
vn 0.0000 -0.9952 0.0977
vn 0.0000 -1.0000 0.0000
vn 0.0000 -0.2931 0.9561
vn 0.0000 -0.1980 -0.9802
vn 0.0000 -0.9952 -0.0977
vn 0.0000 -0.3853 0.9228
vn 0.0000 -0.1010 -0.9949
vn 0.0000 -0.9809 -0.1945
vn 0.0000 -0.4738 0.8806
vn 0.0000 -0.9572 -0.2894
vn 0.0000 -0.5577 0.8300
vn 0.0000 -0.9243 -0.3816
vn 0.0000 -0.6362 0.7715
vn 0.0000 -0.8826 -0.4701
vn 0.0000 -0.7086 0.7056
vn 0.0000 -0.8324 -0.5542
vn 0.0000 -0.7742 0.6329
vn 0.0000 -0.7742 -0.6329
vn 0.0000 -0.8324 0.5542
vn 0.0000 -0.7086 -0.7056
vn 0.0000 -0.8826 0.4701
vn 0.0000 -0.6362 -0.7715
vn 0.0000 -0.9243 0.3816
vn 0.0000 -0.5577 -0.8300
vn 0.0000 -0.9572 0.2894
vn 0.0000 -0.4738 -0.8806
vn 0.0000 -0.9809 0.1945
vn 0.0000 -0.1010 0.9949
vn 0.0000 -0.3853 -0.9228
vn 0.0000 -0.1980 0.9802
vn 0.0000 -0.2931 -0.9561
vn -0.1914 -0.9620 -0.1945
vn -0.0924 -0.4646 0.8806
vn -0.0197 -0.0991 -0.9949
vn -0.1867 -0.9388 -0.2894
vn -0.1088 -0.5470 0.8300
vn -0.1803 -0.9066 -0.3816
vn -0.1241 -0.6240 0.7715
vn -0.1722 -0.8656 -0.4701
vn -0.1382 -0.6950 0.7056
vn -0.1624 -0.8164 -0.5542
vn -0.1510 -0.7593 0.6329
vn -0.1510 -0.7593 -0.6329
vn -0.1624 -0.8164 0.5542
vn -0.1382 -0.6950 -0.7056
vn -0.1722 -0.8656 0.4701
vn -0.1241 -0.6240 -0.7715
vn -0.1803 -0.9066 0.3816
vn -0.1088 -0.5470 -0.8300
vn -0.1867 -0.9388 0.2894
vn -0.0924 -0.4646 -0.8806
vn -0.1914 -0.9620 0.1945
vn -0.0197 -0.0991 0.9949
vn -0.0751 -0.3779 -0.9228
vn -0.1941 -0.9761 0.0977
vn -0.0386 -0.1942 0.9802
vn -0.0572 -0.2875 -0.9561
vn -0.1951 -0.9808 0.0000
vn -0.0572 -0.2875 0.9561
vn -0.0386 -0.1942 -0.9802
vn -0.1941 -0.9761 -0.0977
vn -0.0752 -0.3779 0.9228
vn -0.3663 -0.8843 -0.2894
vn -0.3537 -0.8539 -0.3816
vn -0.2434 -0.5878 0.7715
vn -0.3377 -0.8154 -0.4701
vn -0.2712 -0.6547 0.7056
vn -0.3185 -0.7690 -0.5542
vn -0.2963 -0.7153 0.6329
vn -0.2963 -0.7153 -0.6329
vn -0.3185 -0.7690 0.5542
vn -0.2712 -0.6547 -0.7056
vn -0.3377 -0.8154 0.4701
vn -0.2434 -0.5878 -0.7715
vn -0.3537 -0.8539 0.3816
vn -0.2134 -0.5152 -0.8300
vn -0.3663 -0.8843 0.2894
vn -0.1813 -0.4377 -0.8806
vn -0.3753 -0.9062 0.1945
vn -0.0387 -0.0934 0.9949
vn -0.1474 -0.3559 -0.9228
vn -0.3808 -0.9194 0.0977
vn -0.0758 -0.1830 0.9802
vn -0.1122 -0.2708 -0.9561
vn -0.3827 -0.9239 0.0000
vn -0.1122 -0.2708 0.9561
vn -0.0758 -0.1830 -0.9802
vn -0.3808 -0.9194 -0.0977
vn -0.1474 -0.3559 0.9228
vn -0.0387 -0.0934 -0.9949
vn -0.3753 -0.9062 -0.1945
vn -0.1813 -0.4377 0.8806
vn -0.2134 -0.5152 0.8300
vn -0.4903 -0.7338 -0.4701
vn -0.4624 -0.6921 -0.5542
vn -0.4301 -0.6437 0.6329
vn -0.4301 -0.6437 -0.6329
vn -0.4624 -0.6921 0.5542
vn -0.3937 -0.5892 -0.7056
vn -0.4903 -0.7338 0.4701
vn -0.3534 -0.5290 -0.7715
vn -0.5135 -0.7685 0.3816
vn -0.3098 -0.4637 -0.8300
vn -0.5318 -0.7959 0.2894
vn -0.2632 -0.3939 -0.8806
vn -0.5449 -0.8156 0.1945
vn -0.0561 -0.0840 0.9949
vn -0.2141 -0.3204 -0.9228
vn -0.5529 -0.8275 0.0977
vn -0.1100 -0.1646 0.9802
vn -0.1628 -0.2437 -0.9561
vn -0.5556 -0.8314 0.0000
vn -0.1628 -0.2437 0.9561
vn -0.1100 -0.1646 -0.9802
vn -0.5529 -0.8275 -0.0977
vn -0.2141 -0.3204 0.9228
vn -0.0561 -0.0840 -0.9949
vn -0.5449 -0.8156 -0.1945
vn -0.2632 -0.3939 0.8806
vn -0.5318 -0.7959 -0.2894
vn -0.3098 -0.4637 0.8300
vn -0.5135 -0.7685 -0.3816
vn -0.3534 -0.5290 0.7715
vn -0.3937 -0.5892 0.7056
vn -0.5474 -0.5474 -0.6329
vn -0.5011 -0.5011 -0.7056
vn -0.6241 -0.6241 0.4701
vn -0.4499 -0.4499 -0.7715
vn -0.6536 -0.6536 0.3816
vn -0.3943 -0.3943 -0.8300
vn -0.6768 -0.6768 0.2894
vn -0.3350 -0.3350 -0.8806
vn -0.6936 -0.6936 0.1945
vn -0.0714 -0.0714 0.9949
vn -0.2724 -0.2724 -0.9228
vn -0.7037 -0.7037 0.0977
vn -0.1400 -0.1400 0.9802
vn -0.2072 -0.2072 -0.9561
vn -0.7071 -0.7071 0.0000
vn -0.2072 -0.2072 0.9561
vn -0.1400 -0.1400 -0.9802
vn -0.7037 -0.7037 -0.0977
vn -0.2724 -0.2724 0.9228
vn -0.0714 -0.0714 -0.9949
vn -0.6936 -0.6936 -0.1945
vn -0.3350 -0.3350 0.8806
vn -0.6768 -0.6768 -0.2894
vn -0.3943 -0.3943 0.8300
vn -0.6536 -0.6536 -0.3816
vn -0.4499 -0.4499 0.7715
vn -0.6241 -0.6241 -0.4701
vn -0.5011 -0.5011 0.7056
vn -0.5886 -0.5886 -0.5542
vn -0.5474 -0.5474 0.6329
vn -0.5886 -0.5886 0.5542
vn -0.5290 -0.3534 -0.7715
vn -0.4637 -0.3098 -0.8300
vn -0.7959 -0.5318 0.2894
vn -0.3939 -0.2632 -0.8806
vn -0.8156 -0.5449 0.1945
vn -0.0840 -0.0561 0.9949
vn -0.3204 -0.2141 -0.9228
vn -0.8275 -0.5529 0.0977
vn -0.1646 -0.1100 0.9802
vn -0.2437 -0.1628 -0.9561
vn -0.8314 -0.5556 0.0000
vn -0.2437 -0.1628 0.9561
vn -0.1646 -0.1100 -0.9802
vn -0.8275 -0.5529 -0.0977
vn -0.3204 -0.2141 0.9228
vn -0.0840 -0.0561 -0.9949
vn -0.8156 -0.5449 -0.1945
vn -0.3939 -0.2632 0.8806
vn -0.7959 -0.5318 -0.2894
vn -0.4637 -0.3098 0.8300
vn -0.7685 -0.5135 -0.3816
vn -0.5290 -0.3534 0.7715
vn -0.7338 -0.4903 -0.4701
vn -0.5892 -0.3937 0.7056
vn -0.6921 -0.4624 -0.5542
vn -0.6437 -0.4301 0.6329
vn -0.6437 -0.4301 -0.6329
vn -0.6921 -0.4624 0.5542
vn -0.5892 -0.3937 -0.7056
vn -0.7338 -0.4903 0.4701
vn -0.7685 -0.5135 0.3816
vn -0.0934 -0.0387 0.9949
vn -0.3559 -0.1474 -0.9228
vn -0.9194 -0.3808 0.0977
vn -0.1830 -0.0758 0.9802
vn -0.2708 -0.1122 -0.9561
vn -0.9239 -0.3827 0.0000
vn -0.2708 -0.1122 0.9561
vn -0.1830 -0.0758 -0.9802
vn -0.9194 -0.3808 -0.0977
vn -0.3559 -0.1474 0.9228
vn -0.0934 -0.0387 -0.9949
vn -0.9062 -0.3753 -0.1945
vn -0.4377 -0.1813 0.8806
vn -0.8843 -0.3663 -0.2894
vn -0.5152 -0.2134 0.8300
vn -0.8539 -0.3537 -0.3816
vn -0.5878 -0.2434 0.7715
vn -0.8154 -0.3377 -0.4701
vn -0.6547 -0.2712 0.7056
vn -0.7690 -0.3185 -0.5542
vn -0.7153 -0.2963 0.6329
vn -0.7153 -0.2963 -0.6329
vn -0.7690 -0.3185 0.5542
vn -0.6547 -0.2712 -0.7056
vn -0.8154 -0.3377 0.4701
vn -0.5878 -0.2434 -0.7715
vn -0.8539 -0.3537 0.3816
vn -0.5152 -0.2134 -0.8300
vn -0.8843 -0.3663 0.2894
vn -0.4377 -0.1813 -0.8806
vn -0.9062 -0.3753 0.1945
vn -0.2875 -0.0572 0.9561
vn -0.2875 -0.0572 -0.9561
vn -0.1942 -0.0386 -0.9802
vn -0.9761 -0.1941 -0.0977
vn -0.3779 -0.0752 0.9228
vn -0.0991 -0.0197 -0.9949
vn -0.9620 -0.1914 -0.1945
vn -0.4646 -0.0924 0.8806
vn -0.9388 -0.1867 -0.2894
vn -0.5470 -0.1088 0.8300
vn -0.9066 -0.1803 -0.3816
vn -0.6240 -0.1241 0.7715
vn -0.8656 -0.1722 -0.4701
vn -0.6950 -0.1382 0.7056
vn -0.8164 -0.1624 -0.5542
vn -0.7594 -0.1510 0.6329
vn -0.7593 -0.1510 -0.6329
vn -0.8164 -0.1624 0.5542
vn -0.6950 -0.1382 -0.7056
vn -0.8656 -0.1722 0.4701
vn -0.6240 -0.1241 -0.7715
vn -0.9066 -0.1803 0.3816
vn -0.5470 -0.1088 -0.8300
vn -0.9388 -0.1867 0.2894
vn -0.4646 -0.0924 -0.8806
vn -0.9620 -0.1914 0.1945
vn -0.0991 -0.0197 0.9949
vn -0.3779 -0.0752 -0.9228
vn -0.9761 -0.1941 0.0977
vn -0.1942 -0.0386 0.9802
vn -0.9808 -0.1951 0.0000
vn -0.3853 0.0000 0.9228
vn -0.4738 0.0000 0.8806
vn -0.1010 0.0000 -0.9949
vn -0.9809 0.0000 -0.1945
vn -0.9572 0.0000 -0.2894
vn -0.5577 0.0000 0.8300
vn -0.9243 0.0000 -0.3816
vn -0.6362 0.0000 0.7715
vn -0.8826 0.0000 -0.4701
vn -0.7086 0.0000 0.7056
vn -0.8324 0.0000 -0.5542
vn -0.7742 0.0000 0.6329
vn -0.7742 0.0000 -0.6329
vn -0.8324 0.0000 0.5542
vn -0.7086 0.0000 -0.7056
vn -0.8826 0.0000 0.4701
vn -0.6362 0.0000 -0.7715
vn -0.9243 0.0000 0.3816
vn -0.5577 0.0000 -0.8300
vn -0.9572 0.0000 0.2894
vn -0.4738 0.0000 -0.8806
vn -0.9809 0.0000 0.1945
vn -0.1010 0.0000 0.9949
vn -0.3853 0.0000 -0.9228
vn -0.9952 0.0000 0.0977
vn -0.1980 0.0000 0.9802
vn -0.2931 0.0000 -0.9561
vn -1.0000 0.0000 0.0000
vn -0.2931 0.0000 0.9561
vn -0.1980 0.0000 -0.9802
vn -0.9952 0.0000 -0.0977
vn -0.6240 0.1241 0.7715
vn -0.9066 0.1803 -0.3816
vn -0.8656 0.1722 -0.4701
vn -0.6950 0.1382 0.7056
vn -0.8164 0.1624 -0.5542
vn -0.7593 0.1510 0.6329
vn -0.7593 0.1510 -0.6329
vn -0.8164 0.1624 0.5542
vn -0.6950 0.1382 -0.7056
vn -0.8656 0.1722 0.4701
vn -0.6240 0.1241 -0.7715
vn -0.9066 0.1803 0.3816
vn -0.5470 0.1088 -0.8300
vn -0.9388 0.1867 0.2894
vn -0.4646 0.0924 -0.8806
vn -0.9620 0.1914 0.1945
vn -0.0991 0.0197 0.9949
vn -0.3779 0.0752 -0.9228
vn -0.9761 0.1941 0.0977
vn -0.1942 0.0386 0.9802
vn -0.2875 0.0572 -0.9561
vn -0.9808 0.1951 0.0000
vn -0.2875 0.0572 0.9561
vn -0.1942 0.0386 -0.9802
vn -0.9761 0.1941 -0.0977
vn -0.3779 0.0752 0.9228
vn -0.0991 0.0197 -0.9949
vn -0.9620 0.1914 -0.1945
vn -0.4646 0.0924 0.8806
vn -0.9388 0.1867 -0.2894
vn -0.5470 0.1088 0.8300
vn -0.7153 0.2963 0.6329
vn -0.7153 0.2963 -0.6329
vn -0.7690 0.3185 0.5542
vn -0.6547 0.2712 -0.7056
vn -0.8154 0.3377 0.4701
vn -0.5878 0.2434 -0.7715
vn -0.8539 0.3537 0.3816
vn -0.5152 0.2134 -0.8300
vn -0.8843 0.3663 0.2894
vn -0.4377 0.1813 -0.8806
vn -0.9062 0.3753 0.1945
vn -0.0934 0.0387 0.9949
vn -0.3559 0.1474 -0.9228
vn -0.9194 0.3808 0.0977
vn -0.1830 0.0758 0.9802
vn -0.2708 0.1122 -0.9561
vn -0.9239 0.3827 0.0000
vn -0.2708 0.1122 0.9561
vn -0.1830 0.0758 -0.9802
vn -0.9194 0.3808 -0.0977
vn -0.3559 0.1474 0.9228
vn -0.0934 0.0387 -0.9949
vn -0.9062 0.3753 -0.1945
vn -0.4377 0.1813 0.8806
vn -0.8843 0.3663 -0.2894
vn -0.5152 0.2134 0.8300
vn -0.8539 0.3537 -0.3816
vn -0.5878 0.2434 0.7715
vn -0.8154 0.3377 -0.4701
vn -0.6547 0.2712 0.7056
vn -0.7690 0.3185 -0.5542
vn -0.6437 0.4301 0.6329
vn -0.6921 0.4624 0.5542
vn -0.6437 0.4301 -0.6329
vn -0.5892 0.3937 -0.7056
vn -0.7338 0.4903 0.4701
vn -0.5290 0.3534 -0.7715
vn -0.7685 0.5135 0.3816
vn -0.4637 0.3098 -0.8300
vn -0.7959 0.5318 0.2894
vn -0.3939 0.2632 -0.8806
vn -0.8156 0.5449 0.1945
vn -0.0840 0.0561 0.9949
vn -0.3204 0.2141 -0.9228
vn -0.8275 0.5529 0.0977
vn -0.1646 0.1100 0.9802
vn -0.2437 0.1628 -0.9561
vn -0.8314 0.5556 0.0000
vn -0.2437 0.1628 0.9561
vn -0.1646 0.1100 -0.9802
vn -0.8275 0.5529 -0.0977
vn -0.3204 0.2141 0.9228
vn -0.0840 0.0561 -0.9949
vn -0.8156 0.5449 -0.1945
vn -0.3939 0.2632 0.8806
vn -0.7959 0.5318 -0.2894
vn -0.4637 0.3098 0.8300
vn -0.7685 0.5135 -0.3816
vn -0.5290 0.3534 0.7715
vn -0.7338 0.4903 -0.4701
vn -0.5892 0.3937 0.7056
vn -0.6921 0.4624 -0.5542
vn -0.6536 0.6536 0.3816
vn -0.4499 0.4499 -0.7715
vn -0.3943 0.3943 -0.8300
vn -0.6768 0.6768 0.2894
vn -0.3350 0.3350 -0.8806
vn -0.6936 0.6936 0.1945
vn -0.0714 0.0714 0.9949
vn -0.2724 0.2724 -0.9228
vn -0.7037 0.7037 0.0977
vn -0.1400 0.1400 0.9802
vn -0.2072 0.2072 -0.9561
vn -0.7071 0.7071 0.0000
vn -0.2072 0.2072 0.9561
vn -0.1400 0.1400 -0.9802
vn -0.7037 0.7037 -0.0977
vn -0.2724 0.2724 0.9228
vn -0.0714 0.0714 -0.9949
vn -0.6936 0.6936 -0.1945
vn -0.3350 0.3350 0.8806
vn -0.6768 0.6768 -0.2894
vn -0.3943 0.3943 0.8300
vn -0.6536 0.6536 -0.3816
vn -0.4499 0.4499 0.7715
vn -0.6241 0.6241 -0.4701
vn -0.5011 0.5011 0.7056
vn -0.5886 0.5886 -0.5542
vn -0.5474 0.5474 0.6329
vn -0.5474 0.5474 -0.6329
vn -0.5886 0.5886 0.5542
vn -0.5011 0.5011 -0.7056
vn -0.6241 0.6241 0.4701
vn -0.5449 0.8156 0.1945
vn -0.0561 0.0840 0.9949
vn -0.2632 0.3939 -0.8806
vn -0.2141 0.3204 -0.9228
vn -0.5529 0.8275 0.0977
vn -0.1100 0.1646 0.9802
vn -0.1628 0.2437 -0.9561
vn -0.5556 0.8314 0.0000
vn -0.1628 0.2437 0.9561
vn -0.1100 0.1646 -0.9802
vn -0.5529 0.8275 -0.0977
vn -0.2141 0.3204 0.9228
vn -0.0561 0.0840 -0.9949
vn -0.5449 0.8156 -0.1945
vn -0.2632 0.3939 0.8806
vn -0.5318 0.7959 -0.2894
vn -0.3098 0.4637 0.8300
vn -0.5135 0.7685 -0.3816
vn -0.3534 0.5290 0.7715
vn -0.4903 0.7338 -0.4701
vn -0.3937 0.5892 0.7056
vn -0.4624 0.6921 -0.5542
vn -0.4301 0.6437 0.6329
vn -0.4301 0.6437 -0.6329
vn -0.4624 0.6921 0.5542
vn -0.3937 0.5892 -0.7056
vn -0.4903 0.7338 0.4701
vn -0.3534 0.5290 -0.7715
vn -0.5135 0.7685 0.3816
vn -0.3098 0.4637 -0.8300
vn -0.5318 0.7959 0.2894
vn -0.3808 0.9194 0.0977
vn -0.3827 0.9239 0.0000
vn -0.1122 0.2708 0.9561
vn -0.0758 0.1830 -0.9802
vn -0.3808 0.9194 -0.0977
vn -0.1474 0.3559 0.9228
vn -0.0387 0.0934 -0.9949
vn -0.3753 0.9062 -0.1945
vn -0.1813 0.4377 0.8806
vn -0.3663 0.8843 -0.2894
vn -0.2134 0.5152 0.8300
vn -0.3537 0.8539 -0.3816
vn -0.2434 0.5878 0.7715
vn -0.3377 0.8154 -0.4701
vn -0.2712 0.6547 0.7056
vn -0.3185 0.7690 -0.5542
vn -0.2963 0.7153 0.6329
vn -0.2963 0.7153 -0.6329
vn -0.3185 0.7690 0.5542
vn -0.2712 0.6547 -0.7056
vn -0.3377 0.8154 0.4701
vn -0.2434 0.5878 -0.7715
vn -0.3537 0.8539 0.3816
vn -0.2134 0.5152 -0.8300
vn -0.3663 0.8843 0.2894
vn -0.1813 0.4377 -0.8806
vn -0.3753 0.9062 0.1945
vn -0.0387 0.0934 0.9949
vn -0.1474 0.3559 -0.9228
vn -0.0758 0.1830 0.9802
vn -0.1122 0.2708 -0.9561
vn -0.1914 0.9620 -0.1945
vn -0.0924 0.4646 0.8806
vn -0.0197 0.0991 -0.9949
vn -0.1867 0.9388 -0.2894
vn -0.1088 0.5470 0.8300
vn -0.1803 0.9066 -0.3816
vn -0.1241 0.6240 0.7715
vn -0.1722 0.8656 -0.4701
vn -0.1382 0.6950 0.7056
vn -0.1624 0.8164 -0.5542
vn -0.1510 0.7593 0.6329
vn -0.1510 0.7593 -0.6329
vn -0.1624 0.8164 0.5542
vn -0.1382 0.6950 -0.7056
vn -0.1722 0.8656 0.4701
vn -0.1241 0.6240 -0.7715
vn -0.1803 0.9066 0.3816
vn -0.1088 0.5470 -0.8300
vn -0.1867 0.9388 0.2894
vn -0.0924 0.4646 -0.8806
vn -0.1914 0.9620 0.1945
vn -0.0197 0.0991 0.9949
vn -0.0751 0.3779 -0.9228
vn -0.1942 0.9761 0.0977
vn -0.0386 0.1942 0.9802
vn -0.0572 0.2875 -0.9561
vn -0.1951 0.9808 0.0000
vn -0.0572 0.2875 0.9561
vn -0.0386 0.1942 -0.9802
vn -0.1942 0.9761 -0.0977
vn -0.0752 0.3779 0.9228