v 0.000000 0.382683 0.923880
v 0.000000 0.471397 0.881921
v 0.000000 0.555570 0.831470
v 0.000000 0.634393 0.773010
v 0.000000 0.707107 0.707107
v 0.000000 0.773010 0.634393
v 0.000000 0.831470 0.555570
v 0.000000 0.881921 0.471397
v 0.000000 0.923880 0.382683
v 0.000000 0.956940 0.290285
v 0.000000 0.980785 0.195090
v 0.000000 0.995185 0.098017
v 0.000000 1.000000 -0.000000
v 0.000000 0.995185 -0.098017
v 0.000000 0.980785 -0.195091
v 0.000000 0.956940 -0.290285
v 0.000000 0.923879 -0.382684
v 0.000000 0.881921 -0.471397
v 0.000000 0.831469 -0.555571
v 0.000000 0.773010 -0.634394
v 0.000000 0.707106 -0.707107
v 0.000000 0.634393 -0.773011
v 0.000000 0.471396 -0.881922
v 0.000000 0.195090 -0.980785
v 0.019122 0.096134 0.995185
v 0.038060 0.191342 0.980785
v 0.056632 0.284707 0.956940
v 0.074658 0.375330 0.923880
v 0.091965 0.462339 0.881921
v 0.108387 0.544895 0.831470
v 0.123764 0.622204 0.773010
v 0.137950 0.693520 0.707107
v 0.150807 0.758157 0.634393
v 0.162212 0.815493 0.555570
v 0.172054 0.864975 0.471397
v 0.180240 0.906127 0.382683
v 0.186690 0.938553 0.290285
v 0.191342 0.961940 0.195090
v 0.194151 0.976062 0.098017
v 0.195090 0.980785 -0.000000
v 0.194151 0.976062 -0.098017
v 0.191342 0.961940 -0.195091
v 0.186690 0.938553 -0.290285
v 0.180240 0.906127 -0.382684
v 0.172054 0.864975 -0.471397
v 0.162212 0.815493 -0.555571
v 0.150807 0.758157 -0.634394
v 0.137950 0.693520 -0.707107
v 0.123764 0.622203 -0.773011
v 0.108386 0.544895 -0.831470
v 0.091965 0.462338 -0.881922
v 0.074658 0.375330 -0.923880
v 0.056632 0.284706 -0.956941
v 0.038060 0.191341 -0.980785
v 0.019122 0.096133 -0.995185
v 0.037510 0.090556 0.995185
v 0.074658 0.180240 0.980785
v 0.111087 0.268188 0.956940
v 0.146447 0.353553 0.923880
v 0.180396 0.435514 0.881921
v 0.212608 0.513280 0.831470
v 0.242772 0.586103 0.773010
v 0.270598 0.653281 0.707107
v 0.295819 0.714168 0.634393
v 0.318190 0.768178 0.555570
v 0.337497 0.814789 0.471397
v 0.353554 0.853553 0.382683
v 0.366206 0.884098 0.290285
v 0.375331 0.906127 0.195090
v 0.380841 0.919431 0.098017
v 0.382684 0.923879 -0.000000
v 0.380841 0.919431 -0.098017
v 0.375331 0.906127 -0.195091
v 0.366205 0.884097 -0.290285
v 0.353554 0.853553 -0.382684
v 0.337497 0.814789 -0.471397
v 0.318190 0.768178 -0.555571
v 0.295819 0.714168 -0.634394
v 0.270598 0.653281 -0.707107
v 0.242772 0.586102 -0.773011
v 0.212608 0.513279 -0.831470
v 0.180396 0.435513 -0.881922
v 0.146447 0.353553 -0.923880
v 0.111087 0.268187 -0.956941
v 0.074658 0.180239 -0.980785
v 0.037510 0.090555 -0.995185
v 0.054456 0.081498 0.995185
v 0.108387 0.162212 0.980785
v 0.161274 0.241363 0.956940
v 0.212608 0.318189 0.923880
v 0.261894 0.391952 0.881921
v 0.308659 0.461940 0.831470
v 0.352450 0.527479 0.773010
v 0.392848 0.587938 0.707107
v 0.429462 0.642735 0.634393
v 0.461940 0.691342 0.555570
v 0.489970 0.733291 0.471397
v 0.513280 0.768178 0.382683
v 0.531648 0.795667 0.290285
v 0.544896 0.815493 0.195090
v 0.552895 0.827466 0.098017
v 0.555571 0.831469 -0.000000
v 0.552895 0.827466 -0.098017
v 0.544895 0.815493 -0.195091
v 0.531648 0.795667 -0.290285
v 0.513280 0.768177 -0.382684
v 0.489970 0.733290 -0.471397
v 0.461940 0.691341 -0.555571
v 0.429462 0.642734 -0.634394
v 0.392848 0.587937 -0.707107
v 0.352450 0.527478 -0.773011
v 0.308658 0.461939 -0.831470
v 0.261894 0.391951 -0.881922
v 0.212608 0.318189 -0.923880
v 0.161274 0.241362 -0.956941
v 0.108386 0.162211 -0.980785
v 0.054455 0.081498 -0.995185
v 0.069309 0.069308 0.995185
v 0.137950 0.137949 0.980785
v 0.205263 0.205262 0.956940
v 0.270599 0.270598 0.923880
v 0.333328 0.333328 0.881921
v 0.392848 0.392847 0.831470
v 0.448584 0.448584 0.773010
v 0.500001 0.500000 0.707107
v 0.546602 0.546601 0.634393
v 0.587938 0.587937 0.555570
v 0.623613 0.623612 0.471397
v 0.653282 0.653281 0.382683
v 0.676660 0.676659 0.290285
v 0.693521 0.693520 0.195090
v 0.703702 0.703702 0.098017
v 0.707107 0.707106 -0.000000
v 0.703702 0.703702 -0.098017
v 0.693520 0.693520 -0.195091
v 0.676660 0.676659 -0.290285
v 0.653282 0.653281 -0.382684
v 0.623613 0.623612 -0.471397
v 0.587938 0.587937 -0.555571
v 0.546601 0.546601 -0.634394
v 0.500000 0.499999 -0.707107
v 0.448584 0.448583 -0.773011
v 0.392848 0.392847 -0.831470
v 0.333328 0.333327 -0.881922
v 0.270598 0.270597 -0.923880
v 0.205262 0.205261 -0.956941
v 0.137950 0.137949 -0.980785
v 0.069309 0.069308 -0.995185
v 0.081499 0.054455 0.995185
v 0.162212 0.108386 0.980785
v 0.241364 0.161273 0.956940
v 0.318190 0.212607 0.923880
v 0.391953 0.261894 0.881921
v 0.461940 0.308658 0.831470
v 0.527479 0.352450 0.773010
v 0.587938 0.392847 0.707107
v 0.642735 0.429461 0.634393
v 0.691342 0.461939 0.555570
v 0.733291 0.489969 0.471397
v 0.768178 0.513280 0.382683
v 0.795668 0.531647 0.290285
v 0.815494 0.544895 0.195090
v 0.827466 0.552895 0.098017
v 0.831470 0.555570 -0.000000
v 0.827466 0.552895 -0.098017
v 0.815494 0.544895 -0.195091
v 0.795667 0.531647 -0.290285
v 0.768178 0.513279 -0.382684
v 0.733291 0.489969 -0.471397
v 0.691342 0.461939 -0.555571
v 0.642735 0.429461 -0.634394
v 0.587938 0.392847 -0.707107
v 0.527479 0.352449 -0.773011
v 0.461940 0.308658 -0.831470
v 0.391952 0.261893 -0.881922
v 0.318190 0.212607 -0.923880
v 0.241363 0.161273 -0.956941
v 0.162212 0.108386 -0.980785
v 0.081498 0.054455 -0.995185
v 0.090557 0.037509 0.995185
v 0.180241 0.074657 0.980785
v 0.268189 0.111087 0.956940
v 0.353554 0.146446 0.923880
v 0.435514 0.180395 0.881921
v 0.513281 0.212607 0.831470
v 0.586104 0.242771 0.773010
v 0.653282 0.270597 0.707107
v 0.714169 0.295818 0.634393
v 0.768178 0.318189 0.555570
v 0.814790 0.337496 0.471397
v 0.853554 0.353553 0.382683
v 0.884098 0.366205 0.290285
v 0.906128 0.375330 0.195090
v 0.919431 0.380840 0.098017
v 0.923880 0.382683 -0.000000
v 0.919431 0.380840 -0.098017
v 0.906128 0.375330 -0.195091
v 0.884098 0.366205 -0.290285
v 0.853554 0.353553 -0.382684
v 0.814790 0.337496 -0.471397
v 0.768178 0.318189 -0.555571
v 0.714169 0.295818 -0.634394
v 0.653282 0.270597 -0.707107
v 0.586103 0.242771 -0.773011
v 0.513280 0.212607 -0.831470
v 0.435514 0.180395 -0.881922
v 0.353554 0.146446 -0.923880
v 0.268188 0.111086 -0.956941
v 0.180240 0.074657 -0.980785
v 0.090556 0.037509 -0.995185
v 0.096135 0.019122 0.995185
v 0.191342 0.038060 0.980785
v 0.284708 0.056631 0.956940
v 0.375331 0.074657 0.923880
v 0.462340 0.091964 0.881921
v 0.544896 0.108386 0.831470
v 0.622204 0.123763 0.773010
v 0.693521 0.137949 0.707107
v 0.758158 0.150806 0.634393
v 0.815494 0.162211 0.555570
v 0.864976 0.172054 0.471397
v 0.906128 0.180239 0.382683
v 0.938554 0.186689 0.290285
v 0.961941 0.191341 0.195090
v 0.976063 0.194150 0.098017
v 0.980786 0.195090 -0.000000
v 0.976063 0.194150 -0.098017
v 0.961940 0.191341 -0.195091
v 0.938554 0.186689 -0.290285
v 0.906128 0.180239 -0.382684
v 0.864976 0.172054 -0.471397
v 0.815494 0.162211 -0.555571
v 0.758158 0.150806 -0.634394
v 0.693520 0.137949 -0.707107
v 0.622204 0.123763 -0.773011
v 0.544895 0.108386 -0.831470
v 0.462339 0.091964 -0.881922
v 0.375330 0.074657 -0.923880
v 0.284707 0.056631 -0.956941
v 0.191342 0.038059 -0.980785
v 0.096134 0.019121 -0.995185
v 0.098018 -0.000001 0.995185
v 0.195091 -0.000001 0.980785
v 0.290285 -0.000001 0.956940
v 0.382684 -0.000001 0.923880
v 0.471397 -0.000001 0.881921
v 0.555571 -0.000001 0.831470
v 0.634394 -0.000001 0.773010
v 0.707108 -0.000001 0.707107
v 0.773011 -0.000001 0.634393
v 0.831470 -0.000001 0.555570
v 0.881922 -0.000001 0.471397
v 0.923880 -0.000001 0.382683
v 0.956941 -0.000001 0.290285
v 0.980786 -0.000001 0.195090
v 0.995185 -0.000001 0.098017
v 1.000001 -0.000001 -0.000000
v 0.995185 -0.000001 -0.098017
v 0.980786 -0.000001 -0.195091
v 0.956941 -0.000001 -0.290285
v 0.923880 -0.000001 -0.382684
v 0.881922 -0.000001 -0.471397
v 0.831470 -0.000001 -0.555571
v 0.773011 -0.000001 -0.634394
v 0.707107 -0.000001 -0.707107
v 0.634394 -0.000001 -0.773011
v 0.555570 -0.000001 -0.831470
v 0.471397 -0.000001 -0.881922
v 0.382683 -0.000001 -0.923880
v 0.290285 -0.000001 -0.956941
v 0.195090 -0.000001 -0.980785
v 0.098017 -0.000001 -0.995185
v 0.096135 -0.019123 0.995185
v 0.191342 -0.038061 0.980785
v 0.284708 -0.056633 0.956940
v 0.375331 -0.074659 0.923880
v 0.462340 -0.091966 0.881921
v 0.544896 -0.108387 0.831470
v 0.622204 -0.123765 0.773010
v 0.693521 -0.137951 0.707107
v 0.758158 -0.150808 0.634393
v 0.815494 -0.162213 0.555570
v 0.864976 -0.172055 0.471397
v 0.906128 -0.180241 0.382683
v 0.938554 -0.186691 0.290285
v 0.961940 -0.191343 0.195090
v 0.976063 -0.194152 0.098017
v 0.980786 -0.195091 -0.000000
v 0.976063 -0.194152 -0.098017
v 0.961940 -0.191343 -0.195091
v 0.938554 -0.186691 -0.290285
v 0.906128 -0.180241 -0.382684
v 0.864976 -0.172055 -0.471397
v 0.815494 -0.162213 -0.555571
v 0.758158 -0.150808 -0.634394
v 0.693520 -0.137951 -0.707107
v 0.622204 -0.123765 -0.773011
v 0.544895 -0.108387 -0.831470
v 0.462339 -0.091966 -0.881922
v 0.375330 -0.074659 -0.923880
v 0.284707 -0.056633 -0.956941
v 0.191342 -0.038061 -0.980785
v 0.096134 -0.019123 -0.995185
v 0.090557 -0.037511 0.995185
v 0.180241 -0.074659 0.980785
v 0.268189 -0.111088 0.956940
v 0.353554 -0.146448 0.923880
v 0.435514 -0.180397 0.881921
v 0.513281 -0.212609 0.831470
v 0.586104 -0.242773 0.773010
v 0.653282 -0.270599 0.707107
v 0.714169 -0.295819 0.634393
v 0.768178 -0.318191 0.555570
v 0.814790 -0.337498 0.471397
v 0.853554 -0.353555 0.382683
v 0.884098 -0.366206 0.290285
v 0.906128 -0.375331 0.195090
v 0.919431 -0.380842 0.098017
v 0.923880 -0.382685 -0.000000
v 0.919431 -0.380842 -0.098017
v 0.906128 -0.375331 -0.195091
v 0.884098 -0.366206 -0.290285
v 0.853554 -0.353555 -0.382684
v 0.814790 -0.337498 -0.471397
v 0.768178 -0.318191 -0.555571
v 0.714169 -0.295819 -0.634394
v 0.653282 -0.270599 -0.707107
v 0.586103 -0.242773 -0.773011
v 0.513280 -0.212609 -0.831470
v 0.435514 -0.180397 -0.881922
v 0.353553 -0.146447 -0.923880
v 0.268188 -0.111088 -0.956941
v 0.180240 -0.074659 -0.980785
v 0.090556 -0.037510 -0.995185
v 0.081499 -0.054457 0.995185
v 0.162212 -0.108388 0.980785
v 0.241363 -0.161275 0.956940
v 0.318190 -0.212609 0.923880
v 0.391952 -0.261895 0.881921
v 0.461940 -0.308660 0.831470
v 0.527479 -0.352451 0.773010
v 0.587938 -0.392849 0.707107
v 0.642735 -0.429463 0.634393
v 0.691342 -0.461941 0.555570
v 0.733291 -0.489971 0.471397
v 0.768178 -0.513281 0.382683
v 0.795667 -0.531649 0.290285
v 0.815494 -0.544896 0.195090
v 0.827466 -0.552896 0.098017
v 0.831470 -0.555572 -0.000000
v 0.827466 -0.552896 -0.098017
v 0.815494 -0.544896 -0.195091
v 0.795667 -0.531649 -0.290285
v 0.768178 -0.513281 -0.382684
v 0.733291 -0.489970 -0.471397
v 0.691342 -0.461941 -0.555571
v 0.642735 -0.429463 -0.634394
v 0.587938 -0.392849 -0.707107
v 0.527479 -0.352451 -0.773011
v 0.461940 -0.308659 -0.831470
v 0.391952 -0.261895 -0.881922
v 0.318190 -0.212608 -0.923880
v 0.241363 -0.161274 -0.956941
v 0.162212 -0.108387 -0.980785
v 0.081498 -0.054456 -0.995185
v 0.069309 -0.069310 0.995185
v 0.137950 -0.137951 0.980785
v 0.205263 -0.205264 0.956940
v 0.270598 -0.270599 0.923880
v 0.333328 -0.333329 0.881921
v 0.392848 -0.392849 0.831470
v 0.448584 -0.448585 0.773010
v 0.500000 -0.500001 0.707107
v 0.546601 -0.546602 0.634393
v 0.587938 -0.587939 0.555570
v 0.623613 -0.623614 0.471397
v 0.653282 -0.653283 0.382683
v 0.676659 -0.676660 0.290285
v 0.693520 -0.693521 0.195090
v 0.703702 -0.703703 0.098017
v 0.707107 -0.707108 -0.000000
v 0.703702 -0.703703 -0.098017
v 0.693520 -0.693521 -0.195091
v 0.676659 -0.676660 -0.290285
v 0.653282 -0.653283 -0.382684
v 0.623613 -0.623614 -0.471397
v 0.587938 -0.587939 -0.555571
v 0.546601 -0.546602 -0.634394
v 0.500000 -0.500001 -0.707107
v 0.448584 -0.448585 -0.773011
v 0.392848 -0.392849 -0.831470
v 0.333328 -0.333329 -0.881922
v 0.270598 -0.270599 -0.923880
v 0.205262 -0.205263 -0.956941
v 0.137950 -0.137951 -0.980785
v 0.069309 -0.069309 -0.995185
v 0.054456 -0.081500 0.995185
v 0.108387 -0.162213 0.980785
v 0.161274 -0.241364 0.956940
v 0.212608 -0.318191 0.923880
v 0.261894 -0.391953 0.881921
v 0.308659 -0.461941 0.831470
v 0.352450 -0.527480 0.773010
v 0.392848 -0.587939 0.707107
v 0.429462 -0.642736 0.634393
v 0.461940 -0.691343 0.555570
v 0.489969 -0.733292 0.471397
v 0.513280 -0.768179 0.382683
v 0.531648 -0.795668 0.290285
v 0.544895 -0.815495 0.195090
v 0.552895 -0.827467 0.098017
v 0.555571 -0.831471 -0.000000
v 0.552895 -0.827467 -0.098017
v 0.544895 -0.815494 -0.195091
v 0.531648 -0.795668 -0.290285
v 0.513280 -0.768179 -0.382684
v 0.489969 -0.733292 -0.471397
v 0.461940 -0.691343 -0.555571
v 0.429462 -0.642736 -0.634394
v 0.392848 -0.587939 -0.707107
v 0.352450 -0.527480 -0.773011
v 0.308658 -0.461941 -0.831470
v 0.261894 -0.391953 -0.881922
v 0.212607 -0.318191 -0.923880
v 0.161273 -0.241364 -0.956941
v 0.108386 -0.162213 -0.980785
v 0.054455 -0.081499 -0.995185
v 0.037510 -0.090558 0.995185
v 0.074658 -0.180241 0.980785
v 0.111087 -0.268190 0.956940
v 0.146447 -0.353555 0.923880
v 0.180396 -0.435515 0.881921
v 0.212608 -0.513281 0.831470
v 0.242772 -0.586104 0.773010
v 0.270598 -0.653283 0.707107
v 0.295818 -0.714170 0.634393
v 0.318190 -0.768179 0.555570
v 0.337497 -0.814790 0.471397
v 0.353554 -0.853555 0.382683
v 0.366205 -0.884099 0.290285
v 0.375330 -0.906129 0.195090
v 0.380841 -0.919432 0.098017
v 0.382684 -0.923881 -0.000000
v 0.380841 -0.919432 -0.098017
v 0.375331 -0.906129 -0.195091
v 0.366205 -0.884099 -0.290285
v 0.353554 -0.853555 -0.382684
v 0.337497 -0.814790 -0.471397
v 0.318190 -0.768179 -0.555571
v 0.295818 -0.714170 -0.634394
v 0.270598 -0.653283 -0.707107
v 0.242772 -0.586104 -0.773011
v 0.212607 -0.513281 -0.831470
v 0.180396 -0.435515 -0.881922
v 0.146447 -0.353554 -0.923880
v 0.111087 -0.268189 -0.956941
v 0.074658 -0.180241 -0.980785
v 0.037510 -0.090557 -0.995185
v 0.019122 -0.096135 0.995185
v 0.038060 -0.191343 0.980785
v 0.056632 -0.284708 0.956940
v 0.074658 -0.375332 0.923880
v 0.091965 -0.462340 0.881921
v 0.108386 -0.544897 0.831470
v 0.123764 -0.622205 0.773010
v 0.137950 -0.693521 0.707107
v 0.150807 -0.758159 0.634393
v 0.162212 -0.815494 0.555570
v 0.172054 -0.864977 0.471397
v 0.180240 -0.906129 0.382683
v 0.186690 -0.938554 0.290285
v 0.191342 -0.961941 0.195090
v 0.194151 -0.976064 0.098017
v 0.195090 -0.980787 -0.000000
v 0.194151 -0.976064 -0.098017
v 0.191342 -0.961941 -0.195091
v 0.186690 -0.938554 -0.290285
v 0.180240 -0.906129 -0.382684
v 0.172054 -0.864977 -0.471397
v 0.162212 -0.815494 -0.555571
v 0.150807 -0.758158 -0.634394
v 0.137950 -0.693521 -0.707107
v 0.123764 -0.622205 -0.773011
v 0.108386 -0.544896 -0.831470
v 0.091965 -0.462340 -0.881922
v 0.074658 -0.375331 -0.923880
v 0.056632 -0.284708 -0.956941
v 0.038060 -0.191343 -0.980785
v 0.019122 -0.096135 -0.995185
v 0.000000 -0.098019 0.995185
v -0.000000 -0.195092 0.980785
v -0.000000 -0.290286 0.956940
v -0.000000 -0.382685 0.923880
v -0.000000 -0.471398 0.881921
v -0.000000 -0.555572 0.831470
v -0.000000 -0.634395 0.773010
v -0.000000 -0.707108 0.707107
v -0.000000 -0.773012 0.634393
v -0.000000 -0.831471 0.555570
v -0.000000 -0.881923 0.471397
v -0.000000 -0.923881 0.382683
v -0.000000 -0.956942 0.290285
v -0.000000 -0.980787 0.195090
v -0.000000 -0.995186 0.098017
v -0.000000 -1.000001 -0.000000
v -0.000000 -0.995186 -0.098017
v 0.000000 -0.980787 -0.195091
v -0.000000 -0.956941 -0.290285
v -0.000000 -0.923881 -0.382684
v -0.000000 -0.881922 -0.471397
v -0.000000 -0.831471 -0.555571
v -0.000000 -0.773012 -0.634394
v -0.000000 -0.707108 -0.707107
v 0.000000 -0.634394 -0.773011
v -0.000000 -0.555571 -0.831470
v -0.000000 -0.471398 -0.881922
v -0.000000 -0.382684 -0.923880
v -0.000000 -0.290285 -0.956941
v -0.000000 -0.195091 -0.980785
v -0.000000 -0.098018 -0.995185
v -0.019122 -0.096135 0.995185
v -0.038060 -0.191343 0.980785
v -0.056632 -0.284708 0.956940
v -0.074658 -0.375332 0.923880
v -0.091965 -0.462340 0.881921
v -0.108387 -0.544897 0.831470
v -0.123764 -0.622205 0.773010
v -0.137950 -0.693521 0.707107
v -0.150807 -0.758159 0.634393
v -0.162212 -0.815494 0.555570
v -0.172055 -0.864977 0.471397
v -0.180240 -0.906129 0.382683
v -0.186690 -0.938554 0.290285
v -0.191342 -0.961941 0.195090
v -0.194151 -0.976064 0.098017
v -0.195090 -0.980787 -0.000000
v -0.194151 -0.976064 -0.098017
v -0.191342 -0.961941 -0.195091
v -0.186690 -0.938554 -0.290285
v -0.180240 -0.906129 -0.382684
v -0.172055 -0.864977 -0.471397
v -0.162212 -0.815494 -0.555571
v -0.150807 -0.758158 -0.634394
v -0.137950 -0.693521 -0.707107
v -0.123764 -0.622205 -0.773011
v -0.108387 -0.544896 -0.831470
v -0.091965 -0.462340 -0.881922
v -0.074658 -0.375331 -0.923880
v -0.056632 -0.284708 -0.956941
v -0.038060 -0.191343 -0.980785
v -0.019122 -0.096135 -0.995185
v -0.037510 -0.090558 0.995185
v -0.074658 -0.180241 0.980785
v -0.111087 -0.268190 0.956940
v -0.146447 -0.353555 0.923880
v -0.180396 -0.435515 0.881921
v -0.212608 -0.513281 0.831470
v -0.242772 -0.586104 0.773010
v -0.270598 -0.653283 0.707107
v -0.295819 -0.714170 0.634393
v -0.318190 -0.768179 0.555570
v -0.337497 -0.814790 0.471397
v -0.353554 -0.853554 0.382683
v -0.366205 -0.884099 0.290285
v -0.375331 -0.906129 0.195090
v -0.380841 -0.919432 0.098017
v -0.382684 -0.923881 -0.000000
v -0.380841 -0.919432 -0.098017
v -0.375330 -0.906129 -0.195091
v -0.366205 -0.884099 -0.290285
v -0.353554 -0.853555 -0.382684
v -0.337497 -0.814790 -0.471397
v -0.318190 -0.768179 -0.555571
v -0.295818 -0.714170 -0.634394
v -0.270598 -0.653282 -0.707107
v -0.242772 -0.586104 -0.773011
v -0.212608 -0.513281 -0.831470
v -0.180396 -0.435515 -0.881922
v -0.146447 -0.353554 -0.923880
v -0.111087 -0.268189 -0.956941
v -0.074658 -0.180241 -0.980785
v -0.037510 -0.090557 -0.995185
v -0.054456 -0.081500 0.995185
v -0.108387 -0.162213 0.980785
v -0.161274 -0.241364 0.956940
v -0.212608 -0.318191 0.923880
v -0.261894 -0.391953 0.881921
v -0.308659 -0.461941 0.831470
v -0.352450 -0.527480 0.773010
v -0.392848 -0.587939 0.707107
v -0.429462 -0.642736 0.634393
v -0.461940 -0.691343 0.555570
v -0.489970 -0.733292 0.471397
v -0.513280 -0.768179 0.382683
v -0.531648 -0.795668 0.290285
v -0.544895 -0.815494 0.195090
v -0.552895 -0.827467 0.098017
v -0.555571 -0.831471 -0.000000
v -0.552895 -0.827467 -0.098017
v -0.544895 -0.815494 -0.195091
v -0.531648 -0.795668 -0.290285
v -0.513280 -0.768179 -0.382684
v -0.489970 -0.733292 -0.471397
v -0.461940 -0.691343 -0.555571
v -0.429462 -0.642736 -0.634394
v -0.392848 -0.587939 -0.707107
v -0.352450 -0.527480 -0.773011
v -0.308659 -0.461941 -0.831470
v -0.261894 -0.391953 -0.881922
v -0.212608 -0.318190 -0.923880
v -0.161274 -0.241364 -0.956941
v -0.108386 -0.162213 -0.980785
v -0.054455 -0.081499 -0.995185
v -0.069309 -0.069310 0.995185
v -0.137950 -0.137951 0.980785
v -0.205263 -0.205264 0.956940
v -0.270599 -0.270599 0.923880
v -0.333328 -0.333329 0.881921
v -0.392848 -0.392849 0.831470
v -0.448584 -0.448585 0.773010
v -0.500000 -0.500001 0.707107
v -0.546601 -0.546602 0.634393
v -0.587938 -0.587939 0.555570
v -0.623613 -0.623613 0.471397
v -0.653282 -0.653282 0.382683
v -0.676659 -0.676660 0.290285
v -0.693520 -0.693521 0.195090
v -0.703702 -0.703703 0.098017
v -0.707107 -0.707108 -0.000000
v -0.703702 -0.703703 -0.098017
v -0.693520 -0.693521 -0.195091
v -0.676659 -0.676660 -0.290285
v -0.653282 -0.653282 -0.382684
v -0.623613 -0.623613 -0.471397
v -0.587938 -0.587939 -0.555571
v -0.546601 -0.546602 -0.634394
v -0.500000 -0.500001 -0.707107
v -0.448584 -0.448585 -0.773011
v -0.392848 -0.392848 -0.831470
v -0.333328 -0.333329 -0.881922
v -0.270598 -0.270599 -0.923880
v -0.205262 -0.205263 -0.956941
v -0.137950 -0.137951 -0.980785
v -0.069309 -0.069309 -0.995185
v 0.000000 -0.000001 -1.000000
v -0.081499 -0.054457 0.995185
v -0.162212 -0.108388 0.980785
v -0.241363 -0.161275 0.956940
v -0.318190 -0.212609 0.923880
v -0.391953 -0.261895 0.881921
v -0.461940 -0.308659 0.831470
v -0.527479 -0.352451 0.773010
v -0.587938 -0.392848 0.707107
v -0.642735 -0.429463 0.634393
v -0.691342 -0.461940 0.555570
v -0.733291 -0.489970 0.471397
v -0.768178 -0.513281 0.382683
v -0.795667 -0.531648 0.290285
v -0.815494 -0.544896 0.195090
v -0.827466 -0.552896 0.098017
v -0.831470 -0.555571 -0.000000
v -0.827466 -0.552896 -0.098017
v -0.815493 -0.544896 -0.195091
v -0.795667 -0.531648 -0.290285
v -0.768178 -0.513281 -0.382684
v -0.733291 -0.489970 -0.471397
v -0.691342 -0.461940 -0.555571
v -0.642735 -0.429462 -0.634394
v -0.587938 -0.392848 -0.707107
v -0.527479 -0.352451 -0.773011
v -0.461940 -0.308659 -0.831470
v -0.391952 -0.261895 -0.881922
v -0.318190 -0.212608 -0.923880
v -0.241363 -0.161274 -0.956941
v -0.162212 -0.108387 -0.980785
v -0.081498 -0.054456 -0.995185
v -0.090557 -0.037511 0.995185
v -0.180241 -0.074659 0.980785
v -0.268189 -0.111088 0.956940
v -0.353554 -0.146448 0.923880
v -0.435514 -0.180397 0.881921
v -0.513281 -0.212608 0.831470
v -0.586103 -0.242773 0.773010
v -0.653282 -0.270599 0.707107
v -0.714169 -0.295819 0.634393
v -0.768178 -0.318190 0.555570
v -0.814789 -0.337497 0.471397
v -0.853554 -0.353554 0.382683
v -0.884098 -0.366206 0.290285
v -0.906128 -0.375331 0.195090
v -0.919431 -0.380842 0.098017
v -0.923880 -0.382684 -0.000000
v -0.919431 -0.380842 -0.098017
v -0.906127 -0.375331 -0.195091
v -0.884098 -0.366206 -0.290285
v -0.853554 -0.353554 -0.382684
v -0.814789 -0.337497 -0.471397
v -0.768178 -0.318190 -0.555571
v -0.714169 -0.295819 -0.634394
v -0.653282 -0.270599 -0.707107
v -0.586103 -0.242773 -0.773011
v -0.513280 -0.212608 -0.831470
v -0.435514 -0.180396 -0.881922
v -0.353553 -0.146447 -0.923880
v -0.268188 -0.111088 -0.956941
v -0.180240 -0.074659 -0.980785
v -0.090556 -0.037510 -0.995185
v -0.000001 -0.000001 1.000000
v -0.096135 -0.019123 0.995185
v -0.191342 -0.038061 0.980785
v -0.284708 -0.056633 0.956940
v -0.375331 -0.074659 0.923880
v -0.462340 -0.091966 0.881921
v -0.544896 -0.108387 0.831470
v -0.622204 -0.123765 0.773010
v -0.693520 -0.137950 0.707107
v -0.758158 -0.150808 0.634393
v -0.815493 -0.162212 0.555570
v -0.864976 -0.172055 0.471397
v -0.906128 -0.180241 0.382683
v -0.938553 -0.186691 0.290285
v -0.961940 -0.191343 0.195090
v -0.976063 -0.194152 0.098017
v -0.980786 -0.195091 -0.000000
v -0.976063 -0.194152 -0.098017
v -0.961940 -0.191343 -0.195091
v -0.938553 -0.186691 -0.290285
v -0.906128 -0.180241 -0.382684
v -0.864976 -0.172055 -0.471397
v -0.815493 -0.162212 -0.555571
v -0.758157 -0.150808 -0.634394
v -0.693520 -0.137950 -0.707107
v -0.622204 -0.123765 -0.773011
v -0.544895 -0.108387 -0.831470
v -0.462339 -0.091966 -0.881922
v -0.375330 -0.074659 -0.923880
v -0.284707 -0.056632 -0.956941
v -0.191342 -0.038061 -0.980785
v -0.096134 -0.019123 -0.995185
v -0.098018 -0.000001 0.995185
v -0.195091 -0.000001 0.980785
v -0.290285 -0.000001 0.956940
v -0.382684 -0.000001 0.923880
v -0.471397 -0.000001 0.881921
v -0.555571 -0.000001 0.831470
v -0.634394 -0.000001 0.773010
v -0.707107 -0.000001 0.707107
v -0.773011 -0.000001 0.634393
v -0.831470 -0.000001 0.555570
v -0.881922 -0.000001 0.471397
v -0.923880 -0.000001 0.382683
v -0.956941 -0.000001 0.290285
v -0.980785 -0.000001 0.195090
v -0.995185 -0.000001 0.098017
v -1.000000 -0.000001 -0.000000
v -0.995185 -0.000001 -0.098017
v -0.980785 -0.000001 -0.195091
v -0.956940 -0.000001 -0.290285
v -0.923880 -0.000001 -0.382684
v -0.881921 -0.000001 -0.471397
v -0.831470 -0.000001 -0.555571
v -0.773010 -0.000001 -0.634394
v -0.707107 -0.000001 -0.707107
v -0.634393 -0.000001 -0.773011
v -0.555570 -0.000001 -0.831470
v -0.471397 -0.000001 -0.881922
v -0.382683 -0.000001 -0.923880
v -0.290285 -0.000001 -0.956941
v -0.195090 -0.000001 -0.980785
v -0.098017 -0.000001 -0.995185
v -0.096134 0.019122 0.995185
v -0.191342 0.038060 0.980785
v -0.284708 0.056631 0.956940
v -0.375331 0.074657 0.923880
v -0.462339 0.091964 0.881921
v -0.544896 0.108386 0.831470
v -0.622204 0.123763 0.773010
v -0.693520 0.137949 0.707107
v -0.758157 0.150806 0.634393
v -0.815493 0.162211 0.555570
v -0.864976 0.172054 0.471397
v -0.906128 0.180239 0.382683
v -0.938553 0.186689 0.290285
v -0.961940 0.191341 0.195090
v -0.976063 0.194150 0.098017
v -0.980785 0.195090 -0.000000
v -0.976063 0.194150 -0.098017
v -0.961940 0.191341 -0.195091
v -0.938553 0.186689 -0.290285
v -0.906128 0.180239 -0.382684
v -0.864975 0.172054 -0.471397
v -0.815493 0.162211 -0.555571
v -0.758157 0.150806 -0.634394
v -0.693520 0.137949 -0.707107
v -0.622203 0.123763 -0.773011
v -0.544895 0.108386 -0.831470
v -0.462339 0.091964 -0.881922
v -0.375330 0.074657 -0.923880
v -0.284707 0.056631 -0.956941
v -0.191342 0.038059 -0.980785
v -0.096134 0.019121 -0.995185
v -0.090557 0.037509 0.995185
v -0.180241 0.074657 0.980785
v -0.268189 0.111087 0.956940
v -0.353554 0.146446 0.923880
v -0.435514 0.180395 0.881921
v -0.513280 0.212607 0.831470
v -0.586103 0.242771 0.773010
v -0.653282 0.270597 0.707107
v -0.714169 0.295818 0.634393
v -0.768178 0.318189 0.555570
v -0.814789 0.337496 0.471397
v -0.853553 0.353553 0.382683
v -0.884098 0.366205 0.290285
v -0.906127 0.375330 0.195090
v -0.919431 0.380840 0.098017
v -0.923880 0.382683 -0.000000
v -0.919431 0.380840 -0.098017
v -0.906127 0.375329 -0.195091
v -0.884098 0.366204 -0.290285
v -0.853553 0.353553 -0.382684
v -0.814789 0.337496 -0.471397
v -0.768178 0.318189 -0.555571
v -0.714168 0.295817 -0.634394
v -0.653281 0.270597 -0.707107
v -0.586103 0.242771 -0.773011
v -0.513280 0.212607 -0.831470
v -0.435514 0.180395 -0.881922
v -0.353553 0.146446 -0.923880
v -0.268188 0.111086 -0.956941
v -0.180240 0.074657 -0.980785
v -0.090556 0.037509 -0.995185
v -0.081499 0.054455 0.995185
v -0.162212 0.108386 0.980785
v -0.241363 0.161273 0.956940
v -0.318190 0.212607 0.923880
v -0.391952 0.261894 0.881921
v -0.461940 0.308658 0.831470
v -0.527479 0.352450 0.773010
v -0.587938 0.392847 0.707107
v -0.642735 0.429461 0.634393
v -0.691341 0.461939 0.555570
v -0.733291 0.489969 0.471397
v -0.768178 0.513279 0.382683
v -0.795667 0.531647 0.290285
v -0.815493 0.544894 0.195090
v -0.827466 0.552894 0.098017
v -0.831470 0.555570 -0.000000
v -0.827466 0.552894 -0.098017
v -0.815493 0.544894 -0.195091
v -0.795667 0.531647 -0.290285
v -0.768178 0.513279 -0.382684
v -0.733291 0.489968 -0.471397
v -0.691341 0.461939 -0.555571
v -0.642735 0.429461 -0.634394
v -0.587938 0.392847 -0.707107
v -0.527479 0.352449 -0.773011
v -0.461940 0.308658 -0.831470
v -0.391952 0.261893 -0.881922
v -0.318190 0.212607 -0.923880
v -0.241363 0.161273 -0.956941
v -0.162212 0.108386 -0.980785
v -0.081498 0.054455 -0.995185
v -0.069309 0.069308 0.995185
v -0.137950 0.137949 0.980785
v -0.205263 0.205262 0.956940
v -0.270598 0.270598 0.923880
v -0.333328 0.333327 0.881921
v -0.392848 0.392847 0.831470
v -0.448584 0.448583 0.773010
v -0.500000 0.499999 0.707107
v -0.546601 0.546600 0.634393
v -0.587937 0.587937 0.555570
v -0.623612 0.623612 0.471397
v -0.653281 0.653281 0.382683
v -0.676659 0.676658 0.290285
v -0.693520 0.693519 0.195090
v -0.703702 0.703701 0.098017
v -0.707107 0.707106 -0.000000
v -0.703702 0.703701 -0.098017
v -0.693520 0.693519 -0.195091
v -0.676659 0.676658 -0.290285
v -0.653281 0.653281 -0.382684
v -0.623612 0.623612 -0.471397
v -0.587937 0.587937 -0.555571
v -0.546601 0.546600 -0.634394
v -0.500000 0.499999 -0.707107
v -0.448584 0.448583 -0.773011
v -0.392847 0.392847 -0.831470
v -0.333328 0.333327 -0.881922
v -0.270598 0.270597 -0.923880
v -0.205262 0.205261 -0.956941
v -0.137950 0.137949 -0.980785
v -0.069309 0.069308 -0.995185
v -0.054456 0.081498 0.995185
v -0.108387 0.162211 0.980785
v -0.161274 0.241363 0.956940
v -0.212608 0.318189 0.923880
v -0.261894 0.391952 0.881921
v -0.308658 0.461939 0.831470
v -0.352450 0.527478 0.773010
v -0.392847 0.587937 0.707107
v -0.429461 0.642734 0.634393
v -0.461939 0.691341 0.555570
v -0.489969 0.733290 0.471397
v -0.513280 0.768177 0.382683
v -0.531647 0.795666 0.290285
v -0.544895 0.815492 0.195090
v -0.552895 0.827465 0.098017
v -0.555570 0.831469 -0.000000
v -0.552895 0.827465 -0.098017
v -0.544895 0.815492 -0.195091
v -0.531647 0.795666 -0.290285
v -0.513280 0.768177 -0.382684
v -0.489969 0.733290 -0.471397
v -0.461939 0.691341 -0.555571
v -0.429461 0.642734 -0.634394
v -0.392847 0.587937 -0.707107
v -0.352450 0.527478 -0.773011
v -0.308658 0.461939 -0.831470
v -0.261894 0.391951 -0.881922
v -0.212607 0.318189 -0.923880
v -0.161273 0.241362 -0.956941
v -0.108386 0.162211 -0.980785
v -0.054455 0.081497 -0.995185
v -0.037510 0.090556 0.995185
v -0.074658 0.180240 0.980785
v -0.111087 0.268188 0.956940
v -0.146447 0.353553 0.923880
v -0.180396 0.435513 0.881921
v -0.212608 0.513280 0.831470
v -0.242772 0.586102 0.773010
v -0.270598 0.653281 0.707107
v -0.295818 0.714168 0.634393
v -0.318189 0.768177 0.555570
v -0.337496 0.814788 0.471397
v -0.353553 0.853553 0.382683
v -0.366205 0.884097 0.290285
v -0.375330 0.906127 0.195090
v -0.380840 0.919430 0.098017
v -0.382683 0.923879 -0.000000
v -0.380840 0.919430 -0.098017
v -0.375330 0.906126 -0.195091
v -0.366205 0.884097 -0.290285
v -0.353553 0.853553 -0.382684
v -0.337496 0.814788 -0.471397
v -0.318189 0.768177 -0.555571
v -0.295818 0.714168 -0.634394
v -0.270598 0.653281 -0.707107
v -0.242772 0.586102 -0.773011
v -0.212607 0.513279 -0.831470
v -0.180396 0.435513 -0.881922
v -0.146447 0.353553 -0.923880
v -0.111087 0.268187 -0.956941
v -0.074658 0.180239 -0.980785
v -0.037510 0.090555 -0.995185
v -0.019122 0.096134 0.995185
v -0.038060 0.191342 0.980785
v -0.056632 0.284707 0.956940
v -0.074658 0.375330 0.923880
v -0.091965 0.462339 0.881921
v -0.108386 0.544895 0.831470
v -0.123764 0.622203 0.773010
v -0.137950 0.693519 0.707107
v -0.150807 0.758156 0.634393
v -0.162211 0.815492 0.555570
v -0.172054 0.864975 0.471397
v -0.180240 0.906127 0.382683
v -0.186689 0.938552 0.290285
v -0.191341 0.961939 0.195090
v -0.194151 0.976061 0.098017
v -0.195090 0.980784 -0.000000
v -0.194151 0.976061 -0.098017
v -0.191342 0.961939 -0.195091
v -0.186690 0.938552 -0.290285
v -0.180240 0.906127 -0.382684
v -0.172054 0.864974 -0.471397
v -0.162211 0.815492 -0.555571
v -0.150807 0.758156 -0.634394
v -0.137950 0.693519 -0.707107
v -0.123764 0.622203 -0.773011
v -0.108386 0.544894 -0.831470
v -0.091965 0.462338 -0.881922
v -0.074658 0.375329 -0.923880
v -0.056632 0.284706 -0.956941
v -0.038060 0.191341 -0.980785
v -0.019122 0.096133 -0.995185
v 0.000000 0.098017 0.995185
v 0.000000 0.195090 0.980785
v 0.000000 0.290284 0.956940
v 0.000000 0.555569 -0.831470
v 0.000000 0.382683 -0.923880
v 0.000000 0.290284 -0.956941
v 0.000000 0.098016 -0.995185