vn 0.8011 -0.5984 -0.0012
vn 0.7240 -0.6459 -0.2421
vn 0.7676 -0.6409 -0.0007
vn 0.7578 -0.6000 -0.2563
vn 0.5901 -0.6634 -0.4599
vn 0.6236 -0.5916 -0.5109
vn 0.7666 -0.5829 -0.2692
vn 0.8138 -0.5811 -0.0009
vn -0.6236 -0.5916 -0.5109
vn -0.7240 -0.6459 -0.2421
vn -0.7666 -0.5829 -0.2692
vn -0.5901 -0.6634 -0.4599
vn -0.7578 -0.6001 -0.2563
vn -0.8011 -0.5984 -0.0012
vn -0.7676 -0.6409 -0.0007
vn -0.8138 -0.5811 -0.0009
vn 0.8120 -0.5012 -0.2989
vn 0.8640 -0.5035 -0.0013
vn 0.6550 -0.4979 -0.5682
vn 0.6756 -0.4646 -0.5725
vn 0.8295 -0.4715 -0.2992
vn 0.8802 -0.4745 -0.0002
vn -0.6756 -0.4646 -0.5725
vn -0.8120 -0.5012 -0.2989
vn -0.8295 -0.4715 -0.2992
vn -0.6550 -0.4979 -0.5682
vn -0.8640 -0.5035 -0.0013
vn -0.8802 -0.4745 -0.0002
vn 0.4052 -0.4962 -0.7678
vn 0.3964 -0.6083 -0.6876
vn 0.0885 -0.5056 -0.8582
vn 0.0990 -0.4548 -0.8850
vn 0.4245 -0.4542 -0.7833
vn -0.0990 -0.4548 -0.8850
vn -0.4052 -0.4962 -0.7678
vn -0.4245 -0.4542 -0.7833
vn -0.0885 -0.5056 -0.8582
vn -0.3964 -0.6083 -0.6876
vn 0.6149 -0.6130 -0.4960
vn 0.3821 -0.6912 -0.6133
vn 0.3947 -0.6278 -0.6709
vn 0.1288 -0.7201 -0.6818
vn 0.1101 -0.6314 -0.7675
vn -0.1101 -0.6314 -0.7675
vn -0.3821 -0.6912 -0.6133
vn -0.1288 -0.7201 -0.6818
vn -0.3947 -0.6278 -0.6709
vn -0.6149 -0.6130 -0.4960
vn 0.1221 -0.6464 -0.7531
vn -0.1484 -0.7436 -0.6519
vn -0.1829 -0.6648 -0.7242
vn -0.4051 -0.7635 -0.5029
vn -0.4700 -0.6827 -0.5594
vn -0.1969 -0.6565 -0.7281
vn 0.4700 -0.6827 -0.5594
vn 0.1484 -0.7436 -0.6519
vn 0.1969 -0.6565 -0.7281
vn 0.4051 -0.7635 -0.5029
vn 0.1829 -0.6648 -0.7242
vn -0.1221 -0.6464 -0.7531
vn -0.2469 -0.5292 -0.8118
vn -0.5408 -0.5632 -0.6247
vn -0.5594 -0.5123 -0.6516
vn -0.2519 -0.4753 -0.8430
vn 0.5594 -0.5123 -0.6516
vn 0.2469 -0.5292 -0.8118
vn 0.2519 -0.4753 -0.8430
vn 0.5408 -0.5632 -0.6247
vn -0.7357 -0.5904 -0.3319
vn -0.7065 -0.7077 -0.0013
vn -0.6496 -0.7008 -0.2948
vn -0.7991 -0.6012 -0.0023
vn -0.7634 -0.5447 -0.3472
vn 0.7991 -0.6012 -0.0023
vn 0.7634 -0.5447 -0.3472
vn 0.8296 -0.5583 -0.0006
vn 0.7065 -0.7077 -0.0013
vn 0.7357 -0.5904 -0.3319
vn -0.4670 -0.6861 -0.5578
vn -0.5749 -0.7746 -0.2635
vn -0.6602 -0.6899 -0.2969
vn -0.6292 -0.7772 0.0001
vn 0.5749 -0.7746 -0.2635
vn 0.6496 -0.7008 -0.2948
vn 0.6292 -0.7772 0.0001
vn 0.6602 -0.6899 -0.2969
vn 0.4670 -0.6861 -0.5578
vn -0.7244 -0.6894 -0.0012
vn -0.5831 -0.7701 0.2586
vn -0.4918 -0.6676 0.5589
vn -0.6717 -0.6825 0.2880
vn -0.4221 -0.7515 0.5070
vn -0.6504 -0.7020 0.2901
vn 0.4221 -0.7515 0.5070
vn 0.6504 -0.7020 0.2901
vn 0.4742 -0.6841 0.5541
vn 0.4918 -0.6676 0.5589
vn 0.5831 -0.7701 0.2586
vn 0.7244 -0.6894 -0.0012
vn -0.4742 -0.6841 0.5541
vn -0.7327 -0.5976 0.3257
vn -0.5358 -0.5838 0.6099
vn -0.7574 -0.5553 0.3433
vn -0.8296 -0.5583 -0.0006
vn 0.5358 -0.5838 0.6099
vn 0.7574 -0.5553 0.3433
vn 0.5475 -0.5431 0.6366
vn 0.7327 -0.5976 0.3257
vn -0.1989 -0.6589 0.7254
vn 0.1110 -0.6342 0.7651
vn -0.2391 -0.5606 0.7928
vn 0.0946 -0.5394 0.8367
vn -0.2381 -0.5206 0.8199
vn -0.5475 -0.5431 0.6366
vn -0.0946 -0.5394 0.8367
vn 0.2381 -0.5206 0.8199
vn -0.1064 -0.5023 0.8581
vn -0.1110 -0.6342 0.7651
vn 0.2391 -0.5606 0.7928
vn 0.1990 -0.6589 0.7254
vn -0.2039 -0.6350 0.7451
vn 0.1159 -0.6136 0.7811
vn -0.1625 -0.7247 0.6696
vn 0.1253 -0.6994 0.7036
vn -0.1253 -0.6994 0.7036
vn -0.1159 -0.6136 0.7811
vn 0.1625 -0.7247 0.6696
vn 0.2039 -0.6350 0.7451
vn 0.4049 -0.5988 0.6909
vn 0.6316 -0.5945 0.4976
vn 0.3894 -0.6728 0.6290
vn 0.6010 -0.6516 0.4628
vn 0.3992 -0.6109 0.6836
vn -0.6010 -0.6516 0.4628
vn -0.3992 -0.6109 0.6836
vn -0.6268 -0.5936 0.5048
vn -0.6316 -0.5945 0.4976
vn -0.3894 -0.6728 0.6290
vn -0.4049 -0.5988 0.6909
vn 0.6268 -0.5936 0.5048
vn 0.4068 -0.5252 0.7474
vn 0.6545 -0.5161 0.5525
vn 0.4233 -0.4934 0.7598
vn 0.1064 -0.5023 0.8581
vn -0.6545 -0.5161 0.5525
vn -0.4233 -0.4935 0.7598
vn -0.6716 -0.4876 0.5578
vn -0.4068 -0.5252 0.7474
vn 0.7675 -0.5838 0.2648
vn 0.8108 -0.5077 0.2911
vn 0.8271 -0.4791 0.2939
vn 0.6716 -0.4876 0.5578
vn -0.8271 -0.4791 0.2939
vn -0.8108 -0.5077 0.2911
vn -0.7675 -0.5838 0.2648
vn 0.7650 -0.5930 0.2511
vn 0.7286 -0.6416 0.2396
vn -0.7286 -0.6416 0.2396
vn -0.7650 -0.5930 0.2511
vn 0.7964 -0.6048 -0.0012
vn 0.7685 -0.5907 0.2461
vn 0.6320 -0.5949 0.4967
vn 0.6124 -0.7737 0.1619
vn 0.6192 -0.7852 -0.0014
vn -0.6320 -0.5949 0.4967
vn -0.6124 -0.7737 0.1619
vn -0.5112 -0.7972 0.3211
vn -0.7685 -0.5907 0.2461
vn -0.7964 -0.6048 -0.0012
vn -0.6192 -0.7852 -0.0014
vn 0.4137 -0.5748 0.7060
vn 0.1103 -0.5903 0.7996
vn 0.3765 -0.7898 0.4841
vn 0.5112 -0.7972 0.3211
vn -0.1103 -0.5903 0.7996
vn -0.3765 -0.7898 0.4841
vn -0.1619 -0.8301 0.5335
vn -0.4137 -0.5748 0.7060
vn -0.2202 -0.6009 0.7684
vn -0.5135 -0.6457 0.5651
vn -0.0842 -0.8412 0.5342
vn 0.1619 -0.8301 0.5335
vn 0.5135 -0.6457 0.5651
vn 0.0842 -0.8412 0.5342
vn 0.2857 -0.8847 0.3682
vn 0.2202 -0.6009 0.7684
vn -0.7688 -0.6395 -0.0015
vn -0.7119 -0.6316 0.3071
vn -0.4544 -0.8655 0.2105
vn -0.2857 -0.8847 0.3682
vn 0.7688 -0.6395 -0.0015
vn 0.4544 -0.8655 0.2105
vn 0.4716 -0.8818 -0.0017
vn 0.6717 -0.6825 0.2880
vn 0.7119 -0.6316 0.3071
vn -0.7064 -0.6322 -0.3183
vn -0.4993 -0.6475 -0.5756
vn -0.2839 -0.8767 -0.3883
vn -0.4553 -0.8618 -0.2236
vn -0.4716 -0.8818 -0.0017
vn 0.2839 -0.8767 -0.3883
vn 0.7064 -0.6322 -0.3183
vn 0.4553 -0.8618 -0.2236
vn 0.4993 -0.6475 -0.5756
vn -0.2103 -0.6052 -0.7677
vn 0.1124 -0.5964 -0.7947
vn 0.1589 -0.8165 -0.5551
vn -0.0864 -0.8274 -0.5549
vn -0.1589 -0.8165 -0.5551
vn 0.2103 -0.6052 -0.7677
vn 0.0864 -0.8274 -0.5549
vn -0.1124 -0.5964 -0.7947
vn 0.4073 -0.5820 -0.7038
vn 0.6205 -0.6005 -0.5043
vn 0.5086 -0.7912 -0.3395
vn 0.3742 -0.7780 -0.5046
vn -0.5086 -0.7912 -0.3395
vn -0.4073 -0.5820 -0.7038
vn -0.3742 -0.7780 -0.5046
vn -0.6205 -0.6005 -0.5043
vn 0.7641 -0.5927 -0.2544
vn 0.6129 -0.7711 -0.1726
vn -0.7641 -0.5927 -0.2544
vn -0.6129 -0.7711 -0.1726
vn 0.3393 -0.9338 -0.1132
vn 0.3816 -0.9243 -0.0005
vn 0.1935 -0.9811 -0.0014
vn 0.4141 -0.9069 -0.0779
vn -0.4141 -0.9069 -0.0779
vn -0.3816 -0.9243 -0.0005
vn -0.3393 -0.9338 -0.1132
vn -0.1935 -0.9811 -0.0014
vn 0.2976 -0.9314 -0.2094
vn 0.2019 -0.9630 -0.1783
vn -0.2019 -0.9630 -0.1783
vn -0.2976 -0.9314 -0.2094
vn 0.0263 -0.9931 -0.1141
vn 0.0828 -0.9735 -0.2132
vn -0.0828 -0.9735 -0.2132
vn -0.0263 -0.9931 -0.1141
vn -0.0447 -0.9990 -0.0002
vn -0.0930 -0.9928 -0.0751
vn 0.0930 -0.9928 -0.0751
vn 0.0447 -0.9990 -0.0002
vn 0.0273 -0.9938 0.1077
vn -0.0923 -0.9933 0.0696
vn 0.0923 -0.9933 0.0696
vn -0.0273 -0.9938 0.1077
vn 0.2024 -0.9648 0.1676
vn 0.0842 -0.9760 0.2008
vn -0.0842 -0.9760 0.2008
vn -0.2024 -0.9648 0.1676
vn 0.3388 -0.9348 0.1070
vn 0.2973 -0.9342 0.1972
vn -0.2973 -0.9342 0.1972
vn -0.3388 -0.9348 0.1070
vn 0.4138 -0.9075 0.0726
vn -0.4138 -0.9075 0.0726
vn 0.1714 -0.3966 -0.9018
vn 0.0872 -0.1068 -0.9904
vn 0.1542 -0.0774 -0.9850
vn 0.1638 -0.6104 -0.7749
vn 0.0932 -0.4025 -0.9106
vn 0.0861 -0.5909 -0.8021
vn 0.0000 -0.4113 -0.9115
vn 0.0000 -0.1248 -0.9922
vn -0.0861 -0.5909 -0.8021
vn 0.0000 -0.5904 -0.8071
vn -0.1638 -0.6104 -0.7749
vn -0.0932 -0.4025 -0.9106
vn -0.1714 -0.3966 -0.9018
vn -0.0872 -0.1068 -0.9904
vn 0.4918 -0.5007 -0.7123
vn 0.2849 -0.0763 -0.9555
vn 0.6040 -0.0994 -0.7907
vn 0.3948 -0.7344 -0.5520
vn 0.2900 -0.4339 -0.8530
vn 0.2683 -0.6645 -0.6974
vn -0.2683 -0.6645 -0.6974
vn -0.3948 -0.7344 -0.5520
vn -0.2900 -0.4339 -0.8530
vn -0.4918 -0.5007 -0.7123
vn -0.2849 -0.0763 -0.9555
vn -0.1542 -0.0774 -0.9850
vn 0.9890 -0.1301 -0.0705
vn 0.7154 -0.5535 -0.4264
vn 0.9122 -0.1272 -0.3894
vn 0.8125 -0.5502 -0.1924
vn 0.4988 -0.7876 -0.3619
vn -0.7154 -0.5535 -0.4264
vn -0.4988 -0.7876 -0.3619
vn -0.8125 -0.5502 -0.1924
vn -0.9890 -0.1301 -0.0705
vn -0.9122 -0.1272 -0.3894
vn -0.6040 -0.0994 -0.7907
vn 0.8391 -0.5416 0.0493
vn 0.9918 -0.1122 0.0615
vn 0.9866 -0.1136 0.1167
vn 0.5926 -0.7999 -0.0946
vn 0.8403 -0.5406 -0.0409
vn 0.5589 -0.8007 -0.2156
vn -0.5589 -0.8007 -0.2156
vn -0.8403 -0.5406 -0.0409
vn -0.5926 -0.7999 -0.0946
vn -0.8391 -0.5416 0.0493
vn -0.9918 -0.1122 0.0615
vn 0.8365 -0.5227 0.1641
vn 0.9808 -0.1239 0.1505
vn 0.9677 -0.1415 0.2087
vn 0.6080 -0.7928 0.0413
vn 0.8359 -0.5390 0.1032
vn 0.6022 -0.7983 -0.0079
vn -0.6022 -0.7983 -0.0079
vn -0.8359 -0.5390 0.1032
vn -0.6080 -0.7928 0.0413
vn -0.8365 -0.5227 0.1641
vn -0.9808 -0.1239 0.1505
vn -0.9866 -0.1136 0.1167
vn 0.6022 -0.2819 -0.7468
vn 0.3914 -0.5174 -0.7609
vn 0.6201 -0.5236 -0.5841
vn 0.3614 -0.2732 -0.8915
vn 0.3809 -0.5359 -0.7534
vn 0.3855 -0.7216 -0.5749
vn 0.3714 -0.7841 -0.4972
vn 0.3145 -0.9327 -0.1765
vn -0.3855 -0.7216 -0.5749
vn -0.3914 -0.5174 -0.7609
vn -0.3714 -0.7841 -0.4972
vn -0.3809 -0.5359 -0.7534
vn -0.3614 -0.2732 -0.8915
vn -0.6022 -0.2819 -0.7468
vn -0.6201 -0.5236 -0.5841
vn -0.3145 -0.9327 -0.1765
vn 0.3756 -0.2545 -0.8911
vn 0.4552 -0.5543 -0.6968
vn 0.4814 -0.2375 -0.8437
vn 0.5778 -0.5459 -0.6067
vn 0.5008 -0.7337 -0.4592
vn 0.4269 -0.7227 -0.5434
vn -0.5008 -0.7337 -0.4592
vn -0.4552 -0.5543 -0.6968
vn -0.4269 -0.7227 -0.5434
vn -0.5778 -0.5459 -0.6067
vn -0.4814 -0.2375 -0.8437
vn -0.3756 -0.2545 -0.8911
vn 0.6183 -0.2119 -0.7568
vn 0.6891 -0.5263 -0.4981
vn 0.7564 -0.1856 -0.6272
vn 0.7436 -0.5393 -0.3952
vn 0.6016 -0.7306 -0.3230
vn 0.5760 -0.7239 -0.3796
vn -0.6016 -0.7306 -0.3230
vn -0.6891 -0.5263 -0.4981
vn -0.5760 -0.7239 -0.3796
vn -0.7436 -0.5393 -0.3952
vn -0.7564 -0.1856 -0.6272
vn -0.6183 -0.2119 -0.7568
vn 0.9696 -0.1877 -0.1570
vn 0.8871 -0.1735 -0.4277
vn 0.9413 -0.2192 0.2565
vn 0.7610 -0.5818 -0.2870
vn 0.7679 -0.6396 -0.0343
vn 0.5519 -0.7757 -0.3059
vn -0.7679 -0.6396 -0.0343
vn -0.5519 -0.7757 -0.3059
vn -0.5000 -0.8259 -0.2606
vn -0.9413 -0.2192 0.2565
vn -0.7610 -0.5818 -0.2870
vn -0.9696 -0.1877 -0.1570
vn 0.7052 -0.2296 0.6708
vn 0.5098 -0.1811 0.8410
vn 0.6667 -0.6737 0.3187
vn 0.5503 -0.6397 0.5366
vn 0.4578 -0.8799 -0.1271
vn 0.5000 -0.8259 -0.2606
vn -0.5503 -0.6397 0.5366
vn -0.4578 -0.8799 -0.1271
vn -0.3771 -0.9262 0.0016
vn -0.5098 -0.1811 0.8410
vn -0.6667 -0.6737 0.3187
vn -0.7052 -0.2296 0.6708
vn 0.5178 -0.1465 0.8428
vn 0.5747 -0.1394 0.8063
vn 0.5280 -0.6075 0.5934
vn 0.5400 -0.6220 0.5670
vn 0.3383 -0.9393 0.0567
vn 0.3771 -0.9262 0.0016
vn -0.5400 -0.6220 0.5670
vn -0.3383 -0.9393 0.0567
vn -0.3217 -0.9437 0.0768
vn -0.5747 -0.1394 0.8063
vn -0.5280 -0.6075 0.5934
vn -0.5178 -0.1465 0.8428
vn 0.5568 -0.1608 0.8149
vn 0.2973 -0.1821 0.9373
vn 0.5089 -0.6491 0.5654
vn 0.2534 -0.9594 0.1238
vn 0.3117 -0.9460 0.0890
vn 0.3217 -0.9437 0.0768
vn -0.2534 -0.9594 0.1238
vn -0.5090 -0.6491 0.5654
vn -0.3117 -0.9460 0.0890
vn -0.2973 -0.1821 0.9373
vn -0.3149 -0.6959 0.6454
vn -0.5568 -0.1608 0.8149
vn -0.2066 -0.1868 0.9604
vn 0.3149 -0.6959 0.6454
vn -0.6584 -0.1582 0.7358
vn -0.0790 -0.7371 0.6711
vn -0.4535 -0.7165 0.5301
vn 0.1028 -0.9850 0.1387
vn 0.4535 -0.7165 0.5301
vn -0.1028 -0.9850 0.1387
vn 0.0478 -0.9942 0.0957
vn 0.6584 -0.1582 0.7358
vn 0.0790 -0.7371 0.6711
vn 0.2066 -0.1868 0.9604
vn -0.8381 -0.1058 0.5351
vn -0.8210 -0.1133 0.5596
vn -0.6374 -0.6538 0.4078
vn -0.6611 -0.6173 0.4264
vn -0.1239 -0.9907 0.0563
vn -0.0478 -0.9942 0.0957
vn 0.6611 -0.6173 0.4264
vn 0.1239 -0.9907 0.0563
vn 0.1599 -0.9858 0.0512
vn 0.8210 -0.1133 0.5596
vn 0.6374 -0.6538 0.4078
vn 0.8381 -0.1058 0.5351
vn -0.6007 -0.1984 0.7744
vn 0.0000 -0.2680 0.9634
vn -0.4873 -0.6615 0.5701
vn 0.0000 -0.7714 0.6363
vn -0.1329 -0.9895 0.0571
vn -0.1599 -0.9858 0.0512
vn 0.1329 -0.9895 0.0571
vn 0.0000 -0.9981 -0.0611
vn 0.4873 -0.6615 0.5701
vn 0.6007 -0.1984 0.7744
vn 0.3034 -0.9237 -0.2338
vn 0.2703 -0.9317 -0.2427
vn 0.2957 -0.9316 -0.2111
vn 0.2741 -0.9287 -0.2496
vn 0.2900 -0.9249 -0.2459
vn 0.2645 -0.9323 -0.2465
vn -0.2645 -0.9323 -0.2465
vn -0.2741 -0.9287 -0.2496
vn -0.2900 -0.9249 -0.2459
vn -0.3034 -0.9237 -0.2338
vn -0.2703 -0.9317 -0.2427
vn 0.2081 -0.9402 -0.2698
vn 0.1488 -0.9474 -0.2831
vn 0.2080 -0.9418 -0.2640
vn -0.2080 -0.9418 -0.2640
vn -0.1488 -0.9474 -0.2831
vn -0.2081 -0.9402 -0.2698
vn 0.1118 -0.9425 -0.3149
vn 0.1182 -0.9670 -0.2258
vn 0.1779 -0.9643 -0.1963
vn 0.1114 -0.9489 -0.2952
vn 0.1327 -0.9536 -0.2702
vn -0.1114 -0.9489 -0.2952
vn -0.1118 -0.9425 -0.3149
vn -0.1182 -0.9670 -0.2258
vn -0.1327 -0.9536 -0.2702
vn 0.1388 -0.9362 -0.3229
vn 0.1171 -0.9204 -0.3729
vn 0.1942 -0.9395 -0.2819
vn 0.1205 -0.9167 -0.3810
vn -0.1205 -0.9167 -0.3810
vn -0.1171 -0.9204 -0.3729
vn -0.1388 -0.9362 -0.3229
vn -0.1942 -0.9395 -0.2819
vn -0.1779 -0.9643 -0.1963
vn 0.2968 -0.9138 -0.2771
vn 0.1902 -0.9453 -0.2650
vn 0.2820 -0.9471 -0.1530
vn 0.2138 -0.9084 -0.3593
vn -0.2138 -0.9084 -0.3593
vn -0.2968 -0.9138 -0.2771
vn -0.1902 -0.9453 -0.2650
vn 0.4790 -0.8431 -0.2442
vn 0.3848 -0.9112 -0.1469
vn 0.4519 -0.8692 -0.2007
vn 0.4057 -0.8844 -0.2306
vn -0.4057 -0.8844 -0.2306
vn -0.4790 -0.8431 -0.2442
vn -0.3848 -0.9112 -0.1469
vn -0.2820 -0.9471 -0.1530
vn 0.4370 -0.8234 -0.3620
vn 0.4669 -0.8377 -0.2831
vn 0.4421 -0.8164 -0.3714
vn 0.4762 -0.8286 -0.2943
vn -0.4762 -0.8286 -0.2943
vn -0.4370 -0.8234 -0.3620
vn -0.4669 -0.8377 -0.2831
vn -0.4519 -0.8692 -0.2007
vn 0.3460 -0.8559 -0.3843
vn 0.3746 -0.8179 -0.4367
vn 0.2759 -0.8786 -0.3897
vn 0.3930 -0.8161 -0.4236
vn -0.3930 -0.8161 -0.4236
vn -0.3460 -0.8559 -0.3843
vn -0.3746 -0.8179 -0.4367
vn -0.4421 -0.8164 -0.3714
vn 0.1113 -0.9860 -0.1241
vn 0.2659 -0.9359 -0.2310
vn 0.1873 -0.9535 -0.2360
vn 0.1794 -0.9829 -0.0409
vn -0.1794 -0.9829 -0.0409
vn -0.2659 -0.9359 -0.2310
vn -0.1113 -0.9860 -0.1241
vn -0.1873 -0.9535 -0.2360
vn -0.2759 -0.8786 -0.3897
vn -0.0138 -0.9978 0.0640
vn -0.0399 -0.9966 -0.0717
vn -0.0543 -0.9985 0.0082
vn -0.0582 -0.9981 0.0186
vn 0.0543 -0.9985 0.0082
vn 0.0582 -0.9981 0.0186
vn 0.0000 -0.9995 0.0318
vn 0.0399 -0.9966 -0.0717
vn 0.0138 -0.9978 0.0640
vn 0.2322 -0.9531 -0.1943
vn 0.1860 -0.9536 -0.2364
vn 0.1298 -0.9617 -0.2412
vn 0.1354 -0.9763 -0.1690
vn -0.1298 -0.9617 -0.2412
vn -0.1860 -0.9536 -0.2364
vn -0.2322 -0.9531 -0.1943
vn -0.1354 -0.9763 -0.1690
vn 0.0909 -0.9693 -0.2283
vn 0.0296 -0.9894 -0.1423
vn 0.0000 -0.9669 -0.2552
vn 0.0000 -0.9740 -0.2263
vn 0.0247 -0.9805 -0.1950
vn -0.0587 -0.9890 -0.1357
vn -0.0909 -0.9693 -0.2283
vn -0.0247 -0.9805 -0.1950
vn -0.0296 -0.9894 -0.1423
vn 0.0587 -0.9890 -0.1357
vn 0.0000 -0.9923 -0.1240
vn -0.1116 -0.9888 -0.0992
vn -0.0190 -0.9912 -0.1311
vn -0.1045 -0.9832 -0.1492
vn 0.1045 -0.9832 -0.1492
vn 0.1116 -0.9888 -0.0992
vn 0.0190 -0.9912 -0.1311
vn 0.0823 -0.8480 -0.5235
vn 0.0714 -0.7016 -0.7090
vn 0.1445 -0.7333 -0.6644
vn 0.0318 -0.8376 -0.5454
vn 0.0000 -0.6966 -0.7174
vn -0.0714 -0.7016 -0.7090
vn -0.0318 -0.8376 -0.5454
vn -0.0823 -0.8480 -0.5235
vn -0.1445 -0.7333 -0.6644
vn 0.2286 -0.9141 -0.3348
vn 0.2379 -0.7896 -0.5656
vn 0.3235 -0.8472 -0.4214
vn 0.1597 -0.8801 -0.4471
vn -0.2379 -0.7896 -0.5656
vn -0.1597 -0.8801 -0.4471
vn -0.2286 -0.9141 -0.3348
vn -0.3235 -0.8472 -0.4214
vn 0.2615 -0.9403 -0.2178
vn 0.3831 -0.9041 -0.1891
vn 0.2109 -0.9684 -0.1330
vn 0.3719 -0.8838 -0.2837
vn -0.3719 -0.8838 -0.2837
vn -0.2615 -0.9403 -0.2178
vn -0.3831 -0.9041 -0.1891
vn 0.6301 -0.7716 0.0869
vn 0.3806 -0.9247 -0.0076
vn 0.3909 -0.9202 0.0202
vn 0.1935 -0.9805 -0.0334
vn 0.2031 -0.9780 -0.0477
vn 0.3860 -0.9216 -0.0396
vn -0.2031 -0.9780 -0.0477
vn -0.3806 -0.9247 -0.0076
vn -0.3860 -0.9216 -0.0396
vn -0.1935 -0.9805 -0.0334
vn -0.3909 -0.9202 0.0202
vn -0.6301 -0.7716 0.0869
vn 0.3893 -0.9149 -0.1064
vn 0.2174 -0.9731 -0.0761
vn -0.3893 -0.9149 -0.1064
vn -0.2109 -0.9684 -0.1330
vn -0.2174 -0.9731 -0.0761
vn 0.1303 -0.9572 -0.2586
vn 0.2119 -0.9770 -0.0249
vn 0.3449 -0.9006 -0.2643
vn 0.0000 -0.9670 -0.2548
vn 0.0692 -0.9969 -0.0370
vn 0.0000 -0.9994 -0.0357
vn 0.0668 -0.9975 -0.0215
vn 0.1936 -0.9810 -0.0116
vn -0.0668 -0.9975 -0.0215
vn 0.0000 -0.9997 -0.0238
vn -0.0692 -0.9969 -0.0370
vn -0.1303 -0.9572 -0.2586
vn -0.2119 -0.9770 -0.0249
vn -0.1936 -0.9810 -0.0116
vn 0.0692 -0.9963 -0.0499
vn 0.0663 -0.9968 -0.0446
vn 0.0000 -0.9988 -0.0476
vn 0.0000 -0.9987 -0.0507
vn -0.0663 -0.9968 -0.0446
vn -0.0692 -0.9963 -0.0499
vn 0.0624 -0.9803 -0.1872
vn 0.0000 -0.9982 -0.0595
vn 0.0000 -0.9739 -0.2268
vn 0.0777 -0.9950 -0.0620
vn -0.0777 -0.9950 -0.0620
vn -0.0624 -0.9803 -0.1872
vn 0.8364 -0.5323 -0.1303
vn 0.7898 -0.3429 -0.5085
vn 0.6602 -0.6918 -0.2924
vn 0.9789 -0.1696 -0.1140
vn 0.7605 -0.3454 -0.5498
vn 0.4942 -0.4782 -0.7260
vn 0.5005 -0.6072 -0.6171
vn -0.4942 -0.4782 -0.7260
vn -0.7898 -0.3429 -0.5085
vn -0.5005 -0.6072 -0.6171
vn -0.7605 -0.3454 -0.5498
vn -0.9789 -0.1696 -0.1140
vn -0.8364 -0.5323 -0.1303
vn -0.6602 -0.6918 -0.2924
vn -0.3449 -0.9006 -0.2643
vn 0.6842 -0.1063 0.7215
vn 0.7269 -0.6504 0.2205
vn 0.2676 -0.9176 0.2940
vn 0.6790 -0.1258 0.7232
vn 0.9440 -0.0868 0.3183
vn 0.9547 -0.2627 -0.1393
vn -0.9547 -0.2627 -0.1393
vn -0.9440 -0.0868 0.3183
vn -0.6790 -0.1258 0.7232
vn -0.9319 -0.2012 0.3016
vn -0.6842 -0.1063 0.7215
vn -0.7269 -0.6504 0.2205
vn -0.2728 -0.5973 0.7542
vn -0.0459 -0.9631 0.2651
vn 0.0000 -0.9608 0.2772
vn -0.3079 -0.3022 0.9021
vn 0.1608 -0.3790 0.9113
vn 0.1789 -0.1445 0.9732
vn -0.1789 -0.1445 0.9732
vn 0.3079 -0.3022 0.9021
vn -0.1608 -0.3790 0.9113
vn 0.2728 -0.5973 0.7542
vn 0.0459 -0.9631 0.2651
vn -0.2676 -0.9176 0.2940
vn 0.0000 -0.6194 0.7851
vn -0.5802 -0.5242 0.6233
vn 0.0000 -0.9086 0.4177
vn 0.0000 -0.2628 0.9648
vn -0.5311 -0.3219 0.7837
vn 0.5311 -0.3219 0.7837
vn 0.5802 -0.5242 0.6233
vn 0.0000 -0.7499 -0.6615
vn 0.2512 -0.7176 -0.6496
vn 0.2787 -0.5693 -0.7734
vn 0.0000 -0.5972 -0.8021
vn -0.2787 -0.5693 -0.7734
vn -0.2512 -0.7176 -0.6496
vn 0.0000 -0.7529 -0.6581
vn 0.2001 -0.7179 -0.6667
vn 0.2222 -0.8065 -0.5479
vn 0.0999 -0.8626 -0.4959
vn 0.0000 -0.8867 -0.4623
vn -0.2222 -0.8065 -0.5479
vn -0.2001 -0.7179 -0.6667
vn -0.0999 -0.8626 -0.4959
vn -0.3734 -0.6409 -0.6707
vn 0.0000 -0.2570 0.9664
vn -0.3610 -0.5988 0.7149
vn 0.0000 -0.6928 0.7212
vn -0.1281 -0.9132 0.3867
vn -0.1215 -0.8323 0.5408
vn -0.2508 -0.5657 0.7855
vn 0.1215 -0.8323 0.5408
vn 0.3610 -0.5988 0.7149
vn 0.2508 -0.5657 0.7855
vn 0.1281 -0.9132 0.3867
vn 0.1603 -0.5475 0.8213
vn 0.3336 -0.8413 0.4254
vn 0.5708 -0.5429 0.6159
vn -0.3336 -0.8413 0.4254
vn -0.1603 -0.5475 0.8213
vn -0.5708 -0.5429 0.6159
vn -0.0940 -0.8666 0.4900
vn 0.9319 -0.2012 0.3016
vn 0.7417 -0.6212 0.2529
vn 0.3435 -0.9218 0.1797
vn 0.7234 -0.6739 -0.1498
vn -0.3435 -0.9218 0.1797
vn -0.7234 -0.6739 -0.1498
vn -0.2956 -0.9475 -0.1216
vn -0.7417 -0.6212 0.2529
vn 0.5592 -0.6515 -0.5126
vn 0.2956 -0.9475 -0.1216
vn 0.2361 -0.8824 -0.4068
vn 0.3734 -0.6409 -0.6707
vn -0.2361 -0.8824 -0.4068
vn -0.5592 -0.6515 -0.5126
vn 0.0344 -0.9978 -0.0560
vn 0.0000 -0.9899 0.1414
vn 0.0476 -0.9780 0.2030
vn 0.0940 -0.8666 0.4900
vn -0.0476 -0.9780 0.2030
vn -0.0344 -0.9978 -0.0560
vn 0.0524 -0.9494 -0.3096
vn 0.0000 -0.9679 -0.2511
vn -0.0524 -0.9494 -0.3096
vn -0.0808 -0.9967 -0.0072
vn 0.0000 -0.9996 0.0264
vn 0.0006 -0.9980 -0.0634
vn 0.0808 -0.9967 -0.0072
vn -0.0006 -0.9980 -0.0634
vn 0.5073 -0.8585 -0.0753
vn 0.7235 -0.6793 -0.1222
vn 0.7684 -0.6153 -0.1759
vn -0.7235 -0.6793 -0.1222
vn -0.7684 -0.6153 -0.1759
vn -0.8401 -0.5420 -0.0198
vn -0.5073 -0.8585 -0.0753
vn 0.5269 -0.8486 -0.0468
vn 0.6833 -0.7252 -0.0842
vn 0.7994 -0.5976 0.0609
vn 0.8401 -0.5420 -0.0198
vn -0.5269 -0.8486 -0.0468
vn -0.7994 -0.5976 0.0609
vn -0.7310 -0.6711 0.1234
vn -0.6833 -0.7252 -0.0842
vn 0.4249 -0.9045 0.0349
vn 0.6714 -0.7299 0.1279
vn 0.7310 -0.6711 0.1234
vn -0.6714 -0.7299 0.1279
vn -0.4249 -0.9045 0.0349
vn 0.8422 -0.4873 0.2307
vn 0.9467 -0.1552 0.2821
vn 0.8607 -0.4392 0.2574
vn -0.8607 -0.4392 0.2574
vn -0.9467 -0.1552 0.2821
vn -0.8422 -0.4873 0.2307
vn -0.9677 -0.1415 0.2087
vn 0.9391 -0.2015 0.2781
vn 0.9351 -0.1703 0.3108
vn 0.9511 -0.2292 0.2068
vn 0.8918 -0.3944 0.2217
vn 0.9214 -0.3678 0.1258
vn -0.9214 -0.3678 0.1258
vn -0.9511 -0.2292 0.2068
vn -0.8918 -0.3944 0.2217
vn -0.9391 -0.2015 0.2781
vn 0.8806 -0.4154 -0.2276
vn 0.9385 -0.2590 -0.2283
vn -0.8806 -0.4154 -0.2276
vn -0.9385 -0.2590 -0.2283
vn -0.0573 -0.9166 -0.3957
vn 0.0318 -0.7764 -0.6294
vn 0.0000 -0.7313 -0.6820
vn 0.0366 -0.3798 -0.9243
vn -0.3784 -0.4668 -0.7993
vn -0.0366 -0.3798 -0.9243
vn 0.0000 -0.3580 -0.9337
vn -0.0318 -0.7764 -0.6294
vn 0.0573 -0.9166 -0.3957
vn 0.3784 -0.4668 -0.7993
vn -0.2426 -0.9544 -0.1736
vn -0.2082 -0.9381 -0.2767
vn -0.8314 -0.4604 -0.3111
vn -0.8482 -0.5080 0.1501
vn 0.2082 -0.9381 -0.2767
vn 0.8314 -0.4605 -0.3111
vn 0.2426 -0.9544 -0.1736
vn 0.8482 -0.5080 0.1501
vn -0.2436 -0.9637 -0.1089
vn -0.2155 -0.9765 -0.0055
vn -0.6951 -0.5689 0.4395
vn -0.4619 -0.6012 0.6521
vn 0.2436 -0.9637 -0.1089
vn 0.6951 -0.5689 0.4395
vn 0.2155 -0.9765 -0.0055
vn 0.4619 -0.6012 0.6521
vn 0.0000 -0.8389 -0.5442
vn -0.1173 -0.9882 0.0982
vn 0.0000 -0.9903 0.1386
vn -0.2141 -0.6119 0.7614
vn 0.0000 -0.6125 0.7904
vn 0.1173 -0.9882 0.0982
vn 0.2142 -0.6119 0.7613
vn 0.0000 -0.6267 0.7793
vn -0.2026 -0.6093 0.7666
vn -0.4421 -0.5267 0.7259
vn -0.1151 -0.9366 0.3307
vn 0.0000 -0.9471 0.3209
vn 0.4421 -0.5267 0.7259
vn 0.1151 -0.9366 0.3307
vn 0.2925 -0.8781 0.3787
vn 0.2026 -0.6093 0.7666
vn -0.7121 -0.3532 0.6068
vn -0.9321 -0.2055 0.2983
vn -0.8919 -0.3765 0.2505
vn -0.5622 -0.7229 0.4017
vn -0.2925 -0.8781 0.3787
vn 0.8919 -0.3765 0.2505
vn 0.7121 -0.3532 0.6068
vn 0.5622 -0.7229 0.4017
vn 0.9321 -0.2055 0.2983
vn -0.9171 -0.2630 -0.2994
vn -0.4266 -0.3591 -0.8300
vn -0.2418 -0.6536 -0.7172
vn -0.7620 -0.5553 -0.3331
vn 0.2418 -0.6536 -0.7172
vn 0.9171 -0.2630 -0.2994
vn 0.7620 -0.5553 -0.3331
vn 0.4266 -0.3591 -0.8300
vn 0.0463 -0.3909 -0.9192
vn 0.0000 -0.4022 -0.9155
vn 0.0550 -0.7139 -0.6980
vn -0.0550 -0.7139 -0.6980
vn 0.0000 -0.7332 -0.6800
vn -0.0463 -0.3909 -0.9192
vn 0.0156 -0.9609 -0.2764
vn 0.0000 -0.9633 -0.2683
vn -0.0183 -0.9658 -0.2586
vn -0.0156 -0.9609 -0.2764
vn 0.0183 -0.9658 -0.2586
vn -0.4170 -0.9035 -0.0991
vn 0.4170 -0.9035 -0.0991
vn -0.1845 -0.9716 -0.1478
vn -0.1455 -0.9843 -0.0997
vn -0.2070 -0.9626 -0.1746
vn 0.0299 -0.9995 -0.0106
vn 0.1174 -0.9926 -0.0296
vn 0.1624 -0.9854 -0.0503
vn -0.0299 -0.9995 -0.0106
vn 0.1845 -0.9716 -0.1478
vn -0.1175 -0.9926 -0.0296
vn 0.2070 -0.9626 -0.1746
vn 0.1455 -0.9843 -0.0997
vn -0.1624 -0.9854 -0.0502
vn -0.0019 -0.9983 -0.0586
vn -0.0812 -0.9941 -0.0715
vn 0.1806 -0.9818 -0.0588
vn 0.1866 -0.9795 -0.0760
vn 0.0812 -0.9941 -0.0715
vn -0.1806 -0.9818 -0.0588
vn 0.0019 -0.9983 -0.0586
vn -0.1866 -0.9795 -0.0760
vn 0.0755 -0.9947 -0.0694
vn 0.1388 -0.9883 -0.0629
vn 0.1822 -0.9793 -0.0884
vn 0.1595 -0.9838 -0.0822
vn -0.0755 -0.9947 -0.0693
vn -0.1822 -0.9793 -0.0884
vn -0.2957 -0.9316 -0.2111
vn -0.1388 -0.9883 -0.0629
vn -0.1595 -0.9838 -0.0822
vn -0.1482 -0.9592 -0.2407
vn -0.0229 -0.9374 -0.3473
vn -0.0064 -0.9951 -0.0988
vn 0.0229 -0.9374 -0.3473
vn 0.0064 -0.9951 -0.0988
vn -0.0426 -0.9765 -0.2113
vn 0.1482 -0.9592 -0.2407
vn 0.0890 -0.8954 -0.4363
vn 0.2067 -0.8411 -0.4998
vn 0.2163 -0.9311 -0.2937
vn 0.1322 -0.9501 -0.2826
vn 0.0426 -0.9765 -0.2113
vn -0.2163 -0.9311 -0.2937
vn -0.0890 -0.8954 -0.4363
vn -0.1322 -0.9501 -0.2826
vn -0.2067 -0.8411 -0.4998
vn 0.3569 -0.7938 -0.4925
vn 0.4645 -0.7887 -0.4026
vn 0.3727 -0.9110 -0.1764
vn 0.3148 -0.9130 -0.2593
vn -0.3727 -0.9110 -0.1764
vn -0.3569 -0.7938 -0.4925
vn -0.3148 -0.9130 -0.2593
vn -0.4645 -0.7887 -0.4026
vn 0.4879 -0.8250 -0.2852
vn 0.4610 -0.8689 -0.1803
vn 0.3017 -0.9522 -0.0478
vn 0.3572 -0.9298 -0.0888
vn -0.3017 -0.9522 -0.0478
vn -0.4879 -0.8250 -0.2852
vn -0.3572 -0.9298 -0.0888
vn -0.4610 -0.8689 -0.1803
vn 0.4216 -0.9004 -0.1072
vn 0.3750 -0.9246 -0.0667
vn 0.2351 -0.9693 -0.0719
vn 0.2554 -0.9653 -0.0533
vn -0.2351 -0.9693 -0.0719
vn -0.4216 -0.9004 -0.1072
vn -0.2554 -0.9653 -0.0533
vn -0.3750 -0.9246 -0.0667
vn 0.3280 -0.9410 -0.0830
vn 0.3335 -0.9398 -0.0736
vn 0.2545 -0.9613 -0.1052
vn -0.3335 -0.9398 -0.0736
vn -0.2545 -0.9613 -0.1052
vn -0.3095 -0.9402 -0.1419
vn -0.3280 -0.9410 -0.0830
vn 0.3892 -0.9180 0.0759
vn 0.3356 -0.9174 0.2140
vn 0.3703 -0.9275 -0.0509
vn 0.3095 -0.9402 -0.1419
vn -0.3356 -0.9174 0.2140
vn -0.3703 -0.9275 -0.0509
vn -0.3150 -0.9417 0.1178
vn -0.3892 -0.9180 0.0759
vn 0.1976 -0.9687 0.1503
vn 0.1466 -0.9889 0.0257
vn 0.1172 -0.9871 0.1086
vn 0.1604 -0.9734 0.1636
vn 0.3150 -0.9417 0.1178
vn -0.1172 -0.9871 0.1086
vn -0.1976 -0.9687 0.1503
vn -0.1604 -0.9734 0.1636
vn -0.1466 -0.9889 0.0257
vn 0.1747 -0.9844 -0.0183
vn 0.1773 -0.9839 -0.0235
vn 0.1377 -0.9895 0.0443
vn 0.1490 -0.9855 0.0805
vn -0.1377 -0.9895 0.0443
vn -0.1747 -0.9844 -0.0183
vn -0.1490 -0.9855 0.0805
vn -0.1773 -0.9839 -0.0235
vn 0.1639 -0.9856 -0.0413
vn 0.1332 -0.9906 -0.0300
vn -0.1639 -0.9856 -0.0413
vn -0.1332 -0.9906 -0.0300
vn 0.2360 -0.9422 -0.2378
vn 0.1931 -0.9703 -0.1456
vn 0.3531 -0.8889 -0.2918
vn 0.3111 -0.8618 -0.4007
vn 0.2409 -0.9254 -0.2923
vn -0.3531 -0.8889 -0.2918
vn -0.3111 -0.8618 -0.4007
vn -0.4360 -0.7917 -0.4278
vn -0.2360 -0.9422 -0.2378
vn -0.1931 -0.9703 -0.1457
vn -0.2409 -0.9254 -0.2923
vn 0.1617 -0.9787 -0.1262
vn 0.0726 -0.9789 -0.1908
vn 0.1743 -0.9458 -0.2740
vn 0.0589 -0.9131 -0.4033
vn -0.1617 -0.9787 -0.1262
vn -0.1743 -0.9458 -0.2740
vn -0.0726 -0.9789 -0.1908
vn -0.0589 -0.9131 -0.4033
vn 0.0377 -0.9448 -0.3255
vn 0.0948 -0.8680 -0.4874
vn -0.0309 -0.7774 -0.6282
vn -0.0602 -0.6267 -0.7769
vn -0.0377 -0.9448 -0.3255
vn 0.0309 -0.7774 -0.6282
vn -0.0948 -0.8680 -0.4874
vn 0.0602 -0.6267 -0.7769
vn 0.0455 -0.8607 -0.5070
vn 0.1075 -0.8170 -0.5665
vn -0.0556 -0.6446 -0.7624
vn -0.0949 -0.7572 -0.6462
vn 0.0556 -0.6446 -0.7624
vn -0.1075 -0.8170 -0.5665
vn -0.0455 -0.8607 -0.5070
vn 0.0949 -0.7572 -0.6462
vn -0.1370 -0.9840 -0.1132
vn -0.0697 -0.9490 -0.3074
vn -0.2419 -0.8871 -0.3930
vn -0.3282 -0.9368 -0.1209
vn 0.2419 -0.8871 -0.3929
vn 0.0697 -0.9490 -0.3074
vn 0.1370 -0.9840 -0.1132
vn 0.3282 -0.9368 -0.1209
vn -0.1043 -0.9937 0.0402
vn -0.0148 -0.9848 0.1730
vn -0.2799 -0.9554 0.0946
vn -0.1689 -0.9472 0.2724
vn 0.1043 -0.9937 0.0402
vn 0.2799 -0.9554 0.0946
vn 0.0148 -0.9848 0.1730
vn 0.1690 -0.9472 0.2724
vn 0.0518 -0.9667 0.2505
vn 0.0956 -0.9544 0.2826
vn -0.1166 -0.9087 0.4007
vn -0.0842 -0.8591 0.5048
vn -0.0518 -0.9667 0.2505
vn 0.1166 -0.9087 0.4007
vn -0.0956 -0.9544 0.2826
vn 0.0842 -0.8591 0.5048
vn 0.1696 -0.9460 0.2762
vn 0.2382 -0.9351 0.2623
vn 0.0457 -0.8292 0.5570
vn 0.2008 -0.8123 0.5475
vn -0.0457 -0.8292 0.5570
vn -0.1696 -0.9460 0.2762
vn -0.2382 -0.9351 0.2623
vn -0.2008 -0.8123 0.5475
vn 0.3036 -0.8986 0.3165
vn 0.2818 -0.9176 0.2802
vn 0.3096 -0.7776 0.5473
vn 0.3836 -0.7418 0.5500
vn -0.3096 -0.7776 0.5473
vn -0.2818 -0.9176 0.2802
vn -0.3036 -0.8986 0.3165
vn -0.3836 -0.7418 0.5500
vn 0.3607 -0.8736 0.3265
vn 0.4851 -0.8347 0.2605
vn 0.4901 -0.7237 0.4859
vn 0.6402 -0.6941 0.3292
vn -0.4901 -0.7237 0.4859
vn -0.3607 -0.8736 0.3265
vn -0.4851 -0.8347 0.2605
vn -0.6402 -0.6941 0.3292
vn 0.4846 -0.8366 -0.2553
vn 0.5744 -0.7988 -0.1786
vn 0.7221 -0.6504 -0.2355
vn 0.5969 -0.7246 -0.3445
vn 0.4360 -0.7917 -0.4278
vn -0.7221 -0.6504 -0.2355
vn -0.4846 -0.8366 -0.2553
vn -0.5969 -0.7246 -0.3445
vn -0.5744 -0.7988 -0.1786
vn 0.6185 -0.7810 -0.0865
vn 0.6274 -0.7787 0.0014
vn 0.7735 -0.6337 0.0092
vn 0.7732 -0.6255 -0.1044
vn -0.7735 -0.6337 0.0092
vn -0.6185 -0.7810 -0.0865
vn -0.7732 -0.6255 -0.1044
vn -0.6274 -0.7787 0.0014
vn 0.5941 -0.7957 0.1176
vn 0.7410 -0.6555 0.1456
vn -0.5941 -0.7957 0.1176
vn -0.7410 -0.6555 0.1456
vn 0.0000 -0.1109 0.9938
vn -0.5329 -0.0183 0.8459
vn -0.7277 0.2396 0.6427
vn -0.3677 -0.3009 0.8799
vn 0.0000 -0.4271 0.9042
vn 0.7277 0.2396 0.6427
vn 0.3677 -0.3009 0.8799
vn 0.4460 0.1613 0.8804
vn 0.5329 -0.0183 0.8459
vn -0.7660 0.3794 0.5189
vn -0.4888 0.7186 0.4945
vn -0.4885 0.7582 0.4318
vn -0.4460 0.1613 0.8804
vn 0.4888 0.7186 0.4945
vn 0.7660 0.3794 0.5189
vn 0.4885 0.7582 0.4318
vn 0.6412 0.3655 0.6747
vn -0.6412 0.3655 0.6747
vn -0.2394 0.3854 0.8912
vn 0.2070 0.3566 0.9110
vn -0.2275 0.7862 0.5746
vn -0.2070 0.3566 0.9110
vn 0.2275 0.7862 0.5746
vn -0.0485 0.7430 0.6675
vn 0.2394 0.3854 0.8912
vn 0.4383 0.3916 0.8090
vn 0.4229 0.3617 0.8308
vn 0.1005 0.8038 0.5863
vn 0.0485 0.7430 0.6675
vn -0.4229 0.3617 0.8308
vn -0.1005 0.8038 0.5863
vn -0.1387 0.5033 0.8529
vn -0.4383 0.3916 0.8090
vn 0.3895 0.1993 0.8992
vn 0.4127 0.1419 0.8997
vn 0.2962 0.2111 0.9315
vn 0.1387 0.5033 0.8529
vn -0.4127 0.1419 0.8997
vn -0.2962 0.2111 0.9315
vn -0.3880 0.1673 0.9063
vn -0.3895 0.1993 0.8992
vn 0.5973 0.1557 0.7867
vn 0.8878 0.1899 0.4191
vn 0.5636 0.2125 0.7982
vn 0.3880 0.1673 0.9063
vn -0.8878 0.1899 0.4191
vn -0.5636 0.2125 0.7982
vn -0.8418 0.2481 0.4794
vn -0.5973 0.1557 0.7867
vn 0.9868 0.1592 -0.0295
vn 0.9156 0.0869 -0.3925
vn 0.9876 0.1497 0.0473
vn 0.8418 0.2481 0.4794
vn -0.9156 0.0869 -0.3925
vn -0.9876 0.1497 0.0473
vn -0.9458 0.0206 -0.3240
vn -0.8871 -0.1735 -0.4277
vn -0.9868 0.1592 -0.0295
vn 0.6037 0.0164 -0.7970
vn 0.7506 0.0373 -0.6596
vn 0.6292 -0.0729 -0.7738
vn 0.7848 -0.0472 -0.6179
vn 0.9458 0.0206 -0.3240
vn -0.6292 -0.0729 -0.7738
vn -0.7506 0.0373 -0.6596
vn -0.7848 -0.0472 -0.6179
vn -0.6037 0.0164 -0.7970
vn 0.4781 0.0048 -0.8783
vn 0.3721 -0.0226 -0.9279
vn 0.4389 -0.1337 -0.8885
vn 0.5073 -0.0767 -0.8583
vn -0.4389 -0.1337 -0.8885
vn -0.4781 0.0048 -0.8783
vn -0.5073 -0.0767 -0.8583
vn -0.3721 -0.0226 -0.9279
vn 0.0000 0.8681 -0.4963
vn 0.1918 0.9452 -0.2642
vn 0.0000 0.9665 -0.2567
vn 0.0000 0.6196 -0.7849
vn 0.2300 0.8256 -0.5152
vn 0.2851 0.5614 -0.7769
vn 0.4763 0.7487 -0.4610
vn 0.3348 0.9114 -0.2393
vn -0.2851 0.5614 -0.7769
vn -0.4763 0.7487 -0.4610
vn -0.6316 0.4646 -0.6206
vn -0.2300 0.8256 -0.5152
vn -0.1918 0.9452 -0.2642
vn -0.3348 0.9114 -0.2393
vn 0.0000 0.9827 -0.1849
vn 0.1093 0.9602 -0.2570
vn 0.0000 0.9564 -0.2920
vn 0.1561 0.9734 -0.1672
vn 0.2306 0.9653 -0.1225
vn 0.1484 0.9720 -0.1819
vn -0.2306 0.9653 -0.1225
vn -0.1561 0.9734 -0.1672
vn -0.1093 0.9602 -0.2570
vn -0.1484 0.9720 -0.1819
vn 0.0000 0.8650 -0.5018
vn 0.0420 0.6673 -0.7436
vn 0.0000 0.6395 -0.7688
vn 0.0584 0.8837 -0.4644
vn 0.0714 0.9224 -0.3796
vn 0.0550 0.7255 -0.6860
vn -0.0714 0.9224 -0.3796
vn -0.0584 0.8837 -0.4644
vn -0.0420 0.6673 -0.7436
vn -0.0550 0.7255 -0.6860
vn 0.0653 0.2843 -0.9565
vn 0.1067 0.3349 -0.9362
vn 0.0000 0.2582 -0.9661
vn -0.0653 0.2843 -0.9565
vn -0.1067 0.3349 -0.9362
vn 0.2325 0.3796 -0.8954
vn 0.6153 0.4066 -0.6753
vn 0.1382 0.7785 -0.6122
vn 0.4375 0.7645 -0.4733
vn -0.2325 0.3796 -0.8954
vn -0.1382 0.7785 -0.6122
vn -0.6153 0.4066 -0.6753
vn -0.4375 0.7645 -0.4733
vn 0.8931 0.4047 -0.1961
vn 0.9259 0.3721 0.0641
vn 0.5501 0.8258 -0.1242
vn 0.6158 0.7870 0.0369
vn -0.8931 0.4047 -0.1961
vn -0.5501 0.8258 -0.1242
vn -0.9259 0.3721 0.0641
vn -0.6158 0.7870 0.0369
vn 0.9293 0.3448 0.1323
vn 0.9359 0.3227 0.1413
vn 0.6758 0.7316 0.0900
vn 0.7425 0.6658 0.0731
vn -0.9293 0.3448 0.1323
vn -0.6758 0.7316 0.0900
vn -0.9359 0.3227 0.1413
vn -0.7425 0.6658 0.0731
vn 0.2844 0.9558 -0.0739
vn 0.3925 0.9194 -0.0254
vn 0.5507 0.8285 -0.1009
vn -0.3925 0.9194 -0.0254
vn -0.5507 0.8285 -0.1009
vn -0.2844 0.9558 -0.0739
vn 0.1738 0.9525 -0.2501
vn -0.1738 0.9525 -0.2501
vn 0.9169 0.3966 0.0450
vn 0.7497 0.6252 -0.2168
vn 0.8667 0.4141 -0.2779
vn 0.8332 0.5512 0.0426
vn 0.6316 0.4646 -0.6206
vn -0.8332 0.5512 0.0426
vn -0.7497 0.6252 -0.2168
vn -0.9169 0.3966 0.0450
vn -0.8667 0.4141 -0.2779
vn 0.9482 0.2816 0.1469
vn 0.9590 0.2100 0.1903
vn -0.9482 0.2816 0.1469
vn -0.9590 0.2100 0.1903
vn 0.9887 -0.0449 0.1429
vn 0.8729 -0.3202 -0.3682
vn 0.9592 -0.2511 0.1298
vn 0.7864 -0.5245 -0.3261
vn 0.9422 -0.3229 0.0896
vn -0.7864 -0.5245 -0.3261
vn -0.9592 -0.2511 0.1298
vn -0.9422 -0.3229 0.0896
vn -0.8729 -0.3202 -0.3682
vn -0.9887 -0.0449 0.1429
vn 0.9628 0.1289 0.2374
vn 0.9760 0.2032 -0.0781
vn -0.9760 0.2032 -0.0781
vn -0.9089 -0.0878 -0.4075
vn -0.9628 0.1289 0.2374
vn -0.9351 -0.1703 0.3108
vn 0.9179 -0.2845 -0.2766
vn 0.5731 -0.1329 -0.8086
vn 0.7374 -0.4592 -0.4954
vn 0.5182 -0.1979 -0.8320
vn -0.7374 -0.4592 -0.4954
vn -0.9179 -0.2845 -0.2766
vn -0.5731 -0.1329 -0.8086
vn -0.5182 -0.1979 -0.8320
vn 0.3460 -0.0284 -0.9378
vn 0.3939 -0.1596 -0.9052
vn -0.3939 -0.1596 -0.9052
vn -0.3460 -0.0284 -0.9378
vn 0.2565 0.9305 -0.2612
vn 0.0000 0.9694 -0.2455
vn 0.4040 0.8658 -0.2952
vn 0.2492 0.8319 -0.4957
vn 0.3942 0.7705 -0.5009
vn 0.2470 0.6580 -0.7113
vn 0.0000 0.6937 -0.7203
vn -0.3942 0.7705 -0.5009
vn -0.2470 0.6580 -0.7113
vn -0.4320 0.5724 -0.6970
vn -0.4040 0.8658 -0.2952
vn -0.2492 0.8319 -0.4957
vn -0.2565 0.9305 -0.2612
vn 0.0000 0.4971 -0.8676
vn 0.4320 0.5724 -0.6970
vn 0.2487 0.4649 -0.8497
vn 0.4572 0.3906 -0.7989
vn 0.2508 0.2892 -0.9238
vn 0.0000 0.3194 -0.9476
vn -0.4572 0.3906 -0.7989
vn -0.2508 0.2892 -0.9238
vn -0.4599 0.2200 -0.8603
vn -0.2487 0.4649 -0.8497
vn 0.0000 0.2021 -0.9793
vn 0.5016 0.0972 -0.8596
vn 0.2676 0.1805 -0.9464
vn 0.3072 0.1484 -0.9400
vn 0.0000 0.1856 -0.9826
vn -0.5016 0.0972 -0.8596
vn -0.3072 0.1484 -0.9400
vn -0.6038 0.0180 -0.7969
vn -0.2676 0.1805 -0.9464
vn 0.3138 0.2765 -0.9083
vn 0.0000 0.3184 -0.9479
vn 0.6481 0.1533 -0.7459
vn -0.3138 0.2765 -0.9083
vn -0.6481 0.1533 -0.7459
vn 0.8770 0.1469 -0.4575
vn 0.7828 -0.0653 -0.6188
vn 0.9089 -0.0878 -0.4075
vn -0.7828 -0.0653 -0.6188
vn -0.8770 0.1469 -0.4575
vn 0.8353 -0.1533 -0.5280
vn 0.9690 -0.1114 -0.2203
vn 0.6615 -0.1799 -0.7280
vn 0.6923 -0.1595 -0.7038
vn 0.8937 -0.1251 -0.4308
vn 0.9810 -0.1298 -0.1439
vn -0.6923 -0.1595 -0.7038
vn -0.8353 -0.1533 -0.5280
vn -0.8937 -0.1251 -0.4308
vn -0.6615 -0.1799 -0.7280
vn -0.9690 -0.1114 -0.2203
vn -0.9810 -0.1298 -0.1439
vn 0.2607 0.9181 0.2985
vn 0.0000 0.9998 0.0166
vn 0.0000 0.9432 0.3321
vn 0.4129 0.8826 0.2246
vn 0.2591 0.9658 -0.0121
vn 0.4091 0.9093 -0.0755
vn -0.4091 0.9093 -0.0755
vn -0.4129 0.8826 0.2246
vn -0.2591 0.9658 -0.0121
vn -0.2607 0.9181 0.2985
vn 0.1768 -0.5554 0.8125
vn 0.0000 -0.2795 0.9601
vn 0.0000 -0.5541 0.8324
vn 0.3962 -0.5244 0.7536
vn 0.1520 -0.2848 0.9464
vn 0.3684 -0.2740 0.8884
vn 0.1365 -0.0130 0.9905
vn 0.0000 -0.0088 0.9999
vn -0.3684 -0.2740 0.8884
vn -0.1365 -0.0130 0.9905
vn -0.3392 -0.0118 0.9406
vn -0.3962 -0.5244 0.7536
vn -0.1520 -0.2848 0.9464
vn -0.1768 -0.5554 0.8125
vn 0.1488 0.2610 0.9538
vn 0.0000 0.2550 0.9669
vn 0.3392 -0.0118 0.9406
vn 0.3296 0.5554 0.7634
vn 0.1976 0.5402 0.8180
vn 0.0000 0.5370 0.8435
vn -0.3296 0.5554 0.7634
vn -0.1488 0.2610 0.9538
vn -0.1976 0.5402 0.8180
vn -0.3203 0.2683 0.9085
vn 0.2445 0.7631 0.5983
vn 0.0000 0.7795 0.6264
vn 0.3789 0.7593 0.5289
vn -0.3789 0.7593 0.5289
vn -0.2445 0.7631 0.5983
vn 0.6061 0.0052 0.7954
vn 0.4576 -0.0685 0.8865
vn 0.8577 0.0407 0.5124
vn 0.6304 -0.3140 0.7099
vn 0.5422 -0.3856 0.7465
vn -0.8577 0.0407 0.5124
vn -0.6304 -0.3140 0.7099
vn -0.8517 -0.2208 0.4751
vn -0.6061 0.0052 0.7954
vn -0.4576 -0.0685 0.8865
vn -0.5422 -0.3856 0.7465
vn 0.6322 -0.4688 0.6169
vn 0.5881 -0.5014 0.6345
vn 0.8350 -0.3544 0.4209
vn 0.8515 -0.2875 0.4385
vn 0.6818 -0.3767 0.6271
vn 0.6381 -0.4012 0.6571
vn -0.8515 -0.2875 0.4385
vn -0.6322 -0.4688 0.6169
vn -0.6818 -0.3767 0.6271
vn -0.8350 -0.3544 0.4209
vn -0.5881 -0.5014 0.6345
vn -0.6381 -0.4012 0.6571
vn 0.7379 -0.1649 0.6544
vn 0.6663 -0.1806 0.7234
vn 0.8813 -0.1096 0.4597
vn 0.8998 0.0482 0.4335
vn 0.7643 0.0333 0.6439
vn 0.6650 0.0367 0.7459
vn -0.8998 0.0482 0.4335
vn -0.7379 -0.1649 0.6544
vn -0.7643 0.0333 0.6439
vn -0.8813 -0.1096 0.4597
vn -0.6663 -0.1806 0.7234
vn -0.6650 0.0367 0.7459
vn 0.6406 0.2955 0.7087
vn 0.7643 0.2601 0.5900
vn 0.9004 0.2085 0.3818
vn 0.7278 0.5195 0.4477
vn 0.5924 0.5775 0.5617
vn -0.9004 0.2085 0.3818
vn -0.7278 0.5195 0.4477
vn -0.8570 0.4012 0.3233
vn -0.7643 0.2601 0.5900
vn -0.6406 0.2955 0.7087
vn -0.5924 0.5775 0.5617
vn 0.6899 0.7198 0.0763
vn 0.6995 0.6826 0.2113
vn 0.8532 0.4888 0.1816
vn 0.5783 0.8156 0.0209
vn 0.6444 0.7636 -0.0399
vn 0.5752 0.7564 0.3114
vn 0.8570 0.4012 0.3233
vn -0.5752 0.7564 0.3114
vn -0.5783 0.8156 0.0209
vn -0.6995 0.6826 0.2113
vn -0.6899 0.7198 0.0763
vn -0.8532 0.4888 0.1816
vn 0.4780 0.7683 0.4256
vn 0.5033 0.8547 0.1270
vn 0.4750 0.5705 0.6700
vn -0.4780 0.7683 0.4256
vn -0.4750 0.5705 0.6700
vn -0.5033 0.8547 0.1270
vn 0.5130 0.2810 0.8111
vn 0.3203 0.2683 0.9085
vn 0.5493 0.0134 0.8355
vn -0.5130 0.2810 0.8111
vn -0.5493 0.0134 0.8355
vn 0.5772 -0.2222 0.7858
vn 0.5921 -0.4455 0.6715
vn -0.5772 -0.2222 0.7858
vn -0.5921 -0.4455 0.6715
vn 0.5704 -0.5439 0.6155
vn 0.4018 -0.6433 0.6516
vn 0.4959 -0.4397 0.7487
vn -0.5704 -0.5439 0.6155
vn -0.4959 -0.4397 0.7487
vn -0.4018 -0.6433 0.6516
vn 0.1678 -0.0761 0.9828
vn 0.3628 -0.0969 0.9268
vn 0.3358 -0.5588 0.7582
vn -0.3628 -0.0969 0.9268
vn -0.1678 -0.0761 0.9828
vn -0.3358 -0.5588 0.7582
vn 0.1792 -0.6798 0.7111
vn 0.0000 -0.7070 0.7072
vn 0.0000 -0.7494 0.6621
vn 0.1957 -0.6990 0.6878
vn -0.1957 -0.6990 0.6878
vn -0.1792 -0.6798 0.7111
vn -0.2019 0.5649 0.8000
vn -0.2127 0.8981 0.3850
vn 0.2127 0.8981 0.3850
vn 0.2019 0.5649 0.8000
vn 0.0112 -0.3002 0.9538
vn -0.0611 -0.5669 0.8215
vn -0.0112 -0.3002 0.9538
vn 0.0611 -0.5669 0.8215
vn -0.1309 -0.7188 0.6827
vn 0.0000 -0.7887 0.6148
vn 0.1309 -0.7188 0.6827
vn 0.9922 -0.0405 0.1181
vn 0.9737 -0.1785 0.1416
vn 0.8517 -0.2208 0.4751
vn -0.9737 -0.1785 0.1416
vn -0.9922 -0.0405 0.1181
vn 0.9662 -0.2122 0.1465
vn 0.9912 -0.0762 -0.1081
vn 0.9759 -0.1328 0.1732
vn -0.9662 -0.2122 0.1465
vn -0.9759 -0.1328 0.1732
vn -0.9912 -0.0762 -0.1081
vn 0.9944 -0.0491 -0.0940
vn 0.9767 -0.0168 0.2137
vn 0.9939 -0.0531 0.0962
vn 0.9661 0.0914 0.2415
vn -0.9767 -0.0168 0.2137
vn -0.9661 0.0914 0.2415
vn -0.9939 -0.0531 0.0962
vn -0.9944 -0.0491 -0.0940
vn 0.6568 0.4717 0.5883
vn 0.9438 0.2380 0.2292
vn 0.8540 -0.1230 0.5055
vn -0.9438 0.2380 0.2292
vn -0.6568 0.4717 0.5883
vn -0.8540 -0.1230 0.5055
vn 0.6492 -0.0779 -0.7566
vn 0.6038 0.0180 -0.7969
vn 0.4599 0.2200 -0.8603
vn 0.5925 0.0274 -0.8051
vn 0.5730 0.1692 -0.8018
vn 0.5484 -0.0080 -0.8362
vn 0.5847 -0.1427 -0.7985
vn -0.5730 0.1692 -0.8018
vn -0.5484 -0.0080 -0.8362
vn -0.5278 0.1734 -0.8315
vn -0.5925 0.0274 -0.8051
vn -0.6492 -0.0779 -0.7566
vn -0.5847 -0.1427 -0.7985
vn 0.5186 -0.1508 -0.8416
vn 0.5404 -0.1434 -0.8291
vn 0.4431 -0.0473 -0.8952
vn 0.3631 0.1725 -0.9156
vn 0.2211 0.0034 -0.9752
vn -0.3631 0.1725 -0.9156
vn -0.5186 -0.1508 -0.8416
vn -0.4431 -0.0473 -0.8952
vn -0.5404 -0.1434 -0.8291
vn -0.2211 0.0034 -0.9752
vn 0.5371 -0.1716 -0.8258
vn 0.5333 -0.1941 -0.8233
vn -0.5371 -0.1716 -0.8258
vn -0.5333 -0.1941 -0.8233
vn 0.6420 -0.2763 -0.7151
vn 0.5419 -0.4096 -0.7338
vn 0.6941 -0.2009 -0.6913
vn -0.6420 -0.2763 -0.7151
vn -0.6941 -0.2009 -0.6913
vn -0.5419 -0.4096 -0.7338
vn 0.7060 -0.1484 -0.6925
vn -0.7060 -0.1484 -0.6925
vn 0.4961 -0.4659 -0.7327
vn -0.4961 -0.4659 -0.7327
vn 0.5295 0.7975 -0.2892
vn 0.4428 0.6683 -0.5976
vn 0.5386 0.7769 -0.3261
vn 0.5567 0.7839 -0.2750
vn -0.4428 0.6683 -0.5976
vn -0.5567 0.7839 -0.2750
vn -0.5767 0.6124 -0.5406
vn -0.5295 0.7975 -0.2892
vn -0.5386 0.7769 -0.3261
vn -0.6444 0.7636 -0.0399
vn 0.5014 0.8507 -0.1575
vn 0.5258 0.7702 -0.3610
vn -0.5258 0.7702 -0.3610
vn -0.5014 0.8507 -0.1575
vn 0.1324 0.4603 -0.8778
vn 0.5278 0.1734 -0.8315
vn 0.3489 0.4444 -0.8250
vn 0.5381 0.3819 -0.7514
vn 0.3224 0.7330 -0.5990
vn -0.5381 0.3819 -0.7514
vn -0.3489 0.4444 -0.8250
vn -0.1324 0.4603 -0.8778
vn -0.3224 0.7330 -0.5990
vn 0.5739 0.3404 -0.7448
vn 0.5750 0.4990 -0.6483
vn -0.5750 0.4990 -0.6483
vn -0.5739 0.3404 -0.7448
vn 0.5155 0.6966 -0.4989
vn 0.5767 0.6124 -0.5406
vn -0.5155 0.6966 -0.4989
vn -0.3192 -0.1898 0.9285
vn 0.2857 -0.7887 0.5444
vn -0.1646 -0.1500 0.9749
vn -0.4540 -0.2435 0.8571
vn 0.1739 -0.7989 0.5758
vn 0.0454 -0.8365 0.5460
vn 0.5647 -0.8172 -0.1150
vn 0.5509 -0.8133 -0.1872
vn -0.0454 -0.8365 0.5460
vn -0.5647 -0.8172 -0.1150
vn -0.5109 -0.8539 -0.0991
vn 0.4540 -0.2435 0.8571
vn -0.1739 -0.7989 0.5758
vn 0.3192 -0.1897 0.9285
vn -0.2857 -0.7887 0.5444
vn -0.5509 -0.8133 -0.1872
vn 0.3660 -0.8036 0.4692
vn 0.0799 -0.1732 0.9816
vn 0.4643 -0.8551 -0.2307
vn 0.2850 -0.9328 -0.2204
vn 0.4376 -0.8337 0.3368
vn 0.4470 -0.2672 0.8537
vn -0.2850 -0.9328 -0.2204
vn -0.3660 -0.8036 0.4692
vn -0.4376 -0.8337 0.3368
vn -0.4643 -0.8551 -0.2307
vn 0.1646 -0.1500 0.9749
vn -0.0799 -0.1732 0.9816
vn -0.4470 -0.2672 0.8537
vn 0.4229 -0.8937 0.1496
vn 0.7309 -0.4747 0.4904
vn 0.0461 -0.9836 -0.1741
vn 0.3591 -0.9333 -0.0001
vn 0.7744 -0.6251 0.0977
vn -0.0461 -0.9836 -0.1741
vn -0.3591 -0.9333 -0.0001
vn 0.1420 -0.9877 -0.0651
vn -0.4229 -0.8937 0.1496
vn -0.7309 -0.4747 0.4904
vn -0.7744 -0.6251 0.0977
vn 0.7492 -0.6303 -0.2035
vn -0.1420 -0.9877 -0.0651
vn 0.3586 -0.9310 -0.0676
vn -0.2003 -0.9733 0.1119
vn 0.4358 -0.8928 -0.1139
vn 0.7249 -0.4942 -0.4798
vn 0.2003 -0.9733 0.1119
vn -0.4358 -0.8928 -0.1139
vn 0.0751 -0.9373 0.3401
vn -0.3586 -0.9310 -0.0676
vn -0.7492 -0.6303 -0.2035
vn -0.7249 -0.4942 -0.4798
vn 0.6153 -0.3124 -0.7237
vn -0.0751 -0.9373 0.3401
vn 0.5508 -0.8051 -0.2197
vn 0.4516 -0.8327 0.3205
vn 0.5924 -0.7053 -0.3893
vn 0.4437 -0.2043 -0.8726
vn -0.4516 -0.8327 0.3205
vn -0.5508 -0.8052 -0.2197
vn -0.5924 -0.7053 -0.3893
vn -0.2025 -0.8757 0.4383
vn -0.6153 -0.3124 -0.7237
vn -0.4437 -0.2043 -0.8726
vn 0.2684 -0.1925 -0.9438
vn 0.5279 -0.8311 0.1747
vn 0.5104 -0.6948 -0.5067
vn 0.3667 -0.8954 0.2524
vn 0.2797 -0.8385 -0.4676
vn 0.0639 -0.2248 -0.9723
vn -0.3667 -0.8954 0.2524
vn -0.5104 -0.6948 -0.5067
vn -0.2797 -0.8385 -0.4676
vn -0.5279 -0.8311 0.1747
vn -0.2684 -0.1925 -0.9438
vn -0.0639 -0.2248 -0.9723
vn 0.3332 -0.6521 0.6810
vn 0.1158 -0.6021 0.7900
vn 0.1212 -0.4126 0.9028
vn 0.1313 -0.4039 0.9053
vn 0.2770 -0.6522 0.7056
vn -0.1313 -0.4039 0.9053
vn -0.3332 -0.6521 0.6810
vn -0.2770 -0.6522 0.7056
vn -0.1212 -0.4126 0.9028
vn -0.1158 -0.6021 0.7900
vn -0.2353 -0.5608 0.7938
vn 0.2025 -0.8757 0.4383
vn -0.5690 -0.5394 0.6206
vn -0.4508 -0.2453 0.8582
vn -0.1160 -0.3434 0.9320
vn 0.1160 -0.3434 0.9320
vn 0.2353 -0.5608 0.7938
vn 0.4508 -0.2453 0.8582
vn 0.5690 -0.5394 0.6206
vn -0.7009 -0.7076 -0.0890
vn -0.9738 -0.2125 -0.0815
vn -0.7672 -0.5769 0.2803
vn -0.9460 -0.0760 0.3150
vn 0.9460 -0.0760 0.3150
vn 0.7564 -0.1254 0.6419
vn 0.9738 -0.2125 -0.0815
vn 0.7672 -0.5769 0.2803
vn 0.7009 -0.7076 -0.0890
vn 0.1013 -0.8439 -0.5268
vn -0.0799 -0.6873 -0.7219
vn -0.3577 -0.8479 -0.3912
vn -0.6790 -0.5202 -0.5180
vn 0.6790 -0.5202 -0.5180
vn 0.0799 -0.6873 -0.7219
vn 0.3577 -0.8479 -0.3912
vn -0.1013 -0.8439 -0.5268
vn 0.5588 -0.6627 -0.4984
vn 0.5236 -0.5701 -0.6330
vn 0.4056 -0.7397 -0.5369
vn 0.3330 -0.6342 -0.6977
vn -0.3330 -0.6342 -0.6977
vn -0.5236 -0.5701 -0.6330
vn -0.4056 -0.7397 -0.5369
vn -0.5588 -0.6627 -0.4984
vn 0.6408 -0.6316 -0.4365
vn 0.6472 -0.6508 -0.3970
vn 0.6866 -0.5114 -0.5167
vn 0.6366 -0.5264 -0.5635
vn -0.6866 -0.5114 -0.5167
vn -0.6408 -0.6316 -0.4365
vn -0.6366 -0.5264 -0.5635
vn -0.6472 -0.6508 -0.3970
vn 0.8378 -0.0591 -0.5428
vn 0.4823 -0.5276 -0.6993
vn 0.7374 -0.2023 -0.6444
vn 0.8983 -0.1419 -0.4159
vn 0.9239 0.0669 -0.3768
vn -0.4823 -0.5276 -0.6993
vn -0.8983 -0.1419 -0.4159
vn -0.7034 -0.7041 0.0977
vn -0.7374 -0.2023 -0.6444
vn -0.8378 -0.0591 -0.5428
vn -0.9239 0.0669 -0.3768
vn -0.0462 -0.2129 -0.9760
vn 0.1392 -0.8941 -0.4256
vn 0.2546 -0.8754 0.4109
vn 0.7034 -0.7041 0.0977
vn -0.2546 -0.8754 0.4109
vn -0.1392 -0.8941 -0.4256
vn 0.0462 -0.2129 -0.9760
vn 0.9452 0.0028 -0.3266
vn 0.9456 0.0666 -0.3182
vn -0.9452 0.0028 -0.3266
vn -0.9456 0.0666 -0.3182
vn 0.2855 -0.8298 0.4794
vn -0.1966 -0.1712 0.9654
vn 0.8255 -0.5584 0.0813
vn 0.5245 -0.8367 -0.1577
vn 0.5109 -0.8539 -0.0991
vn -0.2855 -0.8298 0.4794
vn -0.5245 -0.8367 -0.1577
vn -0.8255 -0.5584 0.0813
vn 0.1966 -0.1712 0.9654
vn 0.1888 -0.5538 0.8109
vn 0.1155 -0.3280 0.9376
vn 0.4679 -0.4443 0.7639
vn 0.5006 -0.5804 0.6422
vn -0.4679 -0.4443 0.7639
vn -0.1888 -0.5538 0.8109
vn -0.5006 -0.5804 0.6422
vn -0.1155 -0.3280 0.9376
vn 0.7559 -0.6341 0.1629
vn 0.7698 -0.6057 0.2012
vn 0.7434 -0.6672 0.0461
vn 0.9394 -0.3221 -0.1173
vn 0.7362 -0.6205 0.2699
vn 0.8741 -0.4855 0.0095
vn -0.8741 -0.4855 0.0095
vn -0.9394 -0.3221 -0.1173
vn -0.7362 -0.6205 0.2699
vn -0.7559 -0.6340 0.1629
vn -0.7698 -0.6057 0.2012
vn 0.9254 -0.3789 -0.0100
vn 0.6855 -0.5008 0.5284
vn 0.9339 -0.3576 -0.0021
vn 0.6993 -0.6315 0.3349
vn 0.6897 -0.6521 0.3148
vn 0.6117 -0.5374 0.5805
vn -0.7434 -0.6672 0.0461
vn -0.6993 -0.6315 0.3349
vn -0.6897 -0.6521 0.3148
vn -0.9254 -0.3789 -0.0100
vn -0.6855 -0.5008 0.5284
vn -0.6117 -0.5374 0.5805
vn 0.7853 -0.3811 -0.4879
vn 0.8195 -0.2842 -0.4977
vn 0.7175 -0.3956 -0.5733
vn 0.9164 -0.1157 -0.3831
vn 0.8821 -0.2231 -0.4149
vn -0.9164 -0.1157 -0.3831
vn -0.7853 -0.3811 -0.4879
vn -0.8821 -0.2231 -0.4149
vn -0.8195 -0.2842 -0.4977
vn -0.9339 -0.3576 -0.0021
vn 0.8390 -0.4106 -0.3570
vn 0.6471 -0.6439 -0.4082
vn 0.7125 -0.6495 -0.2654
vn 0.8845 -0.2305 -0.4054
vn 0.7190 -0.5392 -0.4386
vn 0.6964 -0.4826 -0.5311
vn 0.6844 -0.5261 -0.5047
vn -0.6964 -0.4826 -0.5311
vn -0.7175 -0.3956 -0.5733
vn -0.8845 -0.2305 -0.4054
vn -0.7190 -0.5392 -0.4386
vn -0.8390 -0.4106 -0.3570
vn -0.6471 -0.6439 -0.4082
vn -0.6844 -0.5261 -0.5047
vn 0.6189 -0.6788 -0.3952
vn 0.6872 -0.5239 -0.5033
vn -0.6189 -0.6788 -0.3952
vn -0.6872 -0.5239 -0.5033
vn -0.7125 -0.6495 -0.2654
vn 0.9584 -0.2169 -0.1857
vn 0.9481 -0.0674 -0.3106
vn -0.9584 -0.2169 -0.1857
vn -0.9481 -0.0674 -0.3106
vn 0.9246 0.0426 -0.3786
vn 0.9471 -0.0096 -0.3209
vn -0.9471 -0.0096 -0.3209
vn -0.9246 0.0426 -0.3786
vn 0.9552 -0.1857 -0.2304
vn -0.9552 -0.1857 -0.2304
vn 0.6912 -0.5127 -0.5093
vn 0.6793 -0.5323 -0.5051
vn 0.6876 -0.5061 -0.5206
vn 0.5665 -0.7434 -0.3556
vn 0.6011 -0.7311 -0.3228
vn 0.6117 -0.7440 -0.2687
vn -0.5665 -0.7434 -0.3556
vn -0.6912 -0.5127 -0.5093
vn -0.6011 -0.7311 -0.3228
vn -0.6876 -0.5061 -0.5206
vn -0.6793 -0.5323 -0.5051
vn -0.6117 -0.7440 -0.2687
vn 0.6626 -0.4828 -0.5725
vn 0.6671 -0.5051 -0.5476
vn 0.5108 -0.7720 -0.3781
vn -0.6626 -0.4828 -0.5725
vn -0.5108 -0.7720 -0.3781
vn -0.4614 -0.7973 -0.3890
vn -0.6671 -0.5051 -0.5476
vn 0.7317 -0.4241 -0.5337
vn 0.8798 -0.4744 -0.0308
vn 0.6250 -0.7783 -0.0601
vn 0.4904 -0.8044 -0.3352
vn 0.4614 -0.7973 -0.3890
vn -0.6250 -0.7783 -0.0601
vn -0.7317 -0.4241 -0.5337
vn -0.4904 -0.8044 -0.3352
vn -0.8798 -0.4744 -0.0308
vn 0.6356 -0.5394 0.5522
vn 0.5965 -0.5678 0.5672
vn 0.4259 -0.8506 0.3082
vn -0.5965 -0.5678 0.5672
vn -0.4259 -0.8506 0.3082
vn -0.4206 -0.8408 0.3406
vn -0.6356 -0.5394 0.5522
vn 0.7266 -0.6237 0.2882
vn 0.4121 -0.8983 0.1520
vn 0.4730 -0.8536 0.2180
vn 0.4206 -0.8408 0.3406
vn -0.4121 -0.8983 0.1520
vn -0.7266 -0.6237 0.2882
vn -0.4730 -0.8536 0.2180
vn -0.7631 -0.6454 -0.0316
vn 0.7542 -0.6451 0.1225
vn 0.7631 -0.6454 -0.0316
vn 0.4743 -0.4476 0.7581
vn 0.2354 -0.6488 0.7237
vn 0.3348 -0.8779 0.3422
vn -0.2354 -0.6488 0.7237
vn -0.7542 -0.6451 0.1225
vn -0.3348 -0.8779 0.3422
vn -0.4743 -0.4476 0.7581
vn 0.0484 -0.2846 0.9574
vn 0.0641 -0.3812 0.9222
vn -0.0731 -0.5433 0.8363
vn -0.0641 -0.3812 0.9222
vn 0.0731 -0.5433 0.8363
vn -0.1448 -0.6642 0.7334
vn -0.0484 -0.2846 0.9574
vn 0.6283 -0.5755 -0.5235
vn 0.5220 -0.6195 -0.5862
vn 0.5804 -0.7885 -0.2033
vn 0.5174 -0.8362 -0.1818
vn -0.6283 -0.5755 -0.5235
vn -0.5804 -0.7885 -0.2033
vn -0.5220 -0.6195 -0.5862
vn -0.5174 -0.8362 -0.1818
vn 0.3148 -0.6527 -0.6891
vn -0.1074 -0.7432 -0.6603
vn 0.3979 -0.8857 -0.2391
vn 0.2609 -0.9550 -0.1408
vn -0.3148 -0.6527 -0.6891
vn -0.3979 -0.8857 -0.2391
vn 0.1074 -0.7432 -0.6603
vn -0.2609 -0.9550 -0.1408
vn -0.5667 -0.7184 -0.4034
vn -0.7714 -0.6352 -0.0386
vn 0.1790 -0.9835 -0.0251
vn 0.1707 -0.9852 0.0135
vn 0.5667 -0.7184 -0.4034
vn -0.1790 -0.9835 -0.0251
vn 0.7714 -0.6352 -0.0386
vn -0.1707 -0.9852 0.0135
vn -0.5227 -0.6309 0.5733
vn -0.7564 -0.1254 0.6419
vn -0.7216 -0.6224 0.3031
vn 0.2108 -0.9772 0.0254
vn 0.2468 -0.9660 0.0771
vn 0.7216 -0.6224 0.3031
vn -0.2108 -0.9772 0.0254
vn 0.5227 -0.6309 0.5733
vn -0.2468 -0.9660 0.0771
vn 0.0256 -0.5353 0.8442
vn -0.2381 -0.6021 0.7620
vn 0.3064 -0.9304 0.2012
vn 0.3866 -0.8523 0.3522
vn -0.3064 -0.9304 0.2012
vn 0.2381 -0.6021 0.7620
vn -0.0256 -0.5353 0.8442
vn -0.3866 -0.8523 0.3522
vn 0.1473 -0.4720 0.8692
vn 0.3956 -0.7626 0.5118
vn 0.1448 -0.6642 0.7334
vn -0.3956 -0.7626 0.5118
vn -0.1473 -0.4720 0.8692
vn 0.2155 -0.9721 0.0923
vn 0.1456 -0.9550 0.2583
vn 0.2185 -0.9664 0.1356
vn 0.2609 -0.9433 0.2051
vn 0.2368 -0.9673 0.0907
vn 0.2127 -0.9770 0.0111
vn -0.2609 -0.9433 0.2051
vn -0.2185 -0.9664 0.1356
vn -0.2368 -0.9673 0.0907
vn -0.1456 -0.9550 0.2583
vn -0.2155 -0.9721 0.0923
vn -0.2127 -0.9770 0.0111
vn 0.2940 -0.9557 -0.0104
vn 0.4046 -0.9113 0.0755
vn 0.3369 -0.9410 0.0295
vn 0.4388 -0.8979 -0.0355
vn 0.3841 -0.9230 -0.0219
vn 0.3555 -0.9344 -0.0217
vn -0.4388 -0.8979 -0.0355
vn -0.3369 -0.9410 0.0295
vn -0.3841 -0.9230 -0.0219
vn -0.4046 -0.9113 0.0755
vn -0.2940 -0.9557 -0.0104
vn -0.3555 -0.9344 -0.0217
vn 0.3698 -0.9290 -0.0156
vn 0.4209 -0.9018 -0.0975
vn 0.3708 -0.9276 -0.0448
vn 0.3341 -0.9415 -0.0431
vn 0.3457 -0.9378 0.0328
vn -0.4209 -0.9018 -0.0975
vn -0.3341 -0.9415 -0.0431
vn -0.3944 -0.9075 -0.1446
vn -0.3708 -0.9276 -0.0448
vn -0.3698 -0.9290 -0.0156
vn -0.3457 -0.9378 0.0328
vn 0.3323 -0.9314 0.1487
vn 0.3944 -0.9075 -0.1446
vn 0.3478 -0.9373 0.0205
vn 0.4207 -0.9000 -0.1144
vn 0.4292 -0.8927 0.1374
vn 0.3786 -0.8850 0.2709
vn -0.4207 -0.9000 -0.1144
vn -0.4292 -0.8927 0.1374
vn -0.4780 -0.8783 -0.0067
vn -0.3478 -0.9373 0.0205
vn -0.3323 -0.9314 0.1487
vn -0.3786 -0.8850 0.2709
vn 0.4257 -0.8961 0.1251
vn 0.4046 -0.8795 0.2507
vn 0.4557 -0.8900 -0.0121
vn -0.4257 -0.8961 0.1251
vn -0.4557 -0.8900 -0.0121
vn -0.4046 -0.8795 0.2507
vn 0.4053 -0.9056 -0.1247
vn 0.4493 -0.8886 -0.0918
vn -0.4493 -0.8886 -0.0918
vn -0.4053 -0.9056 -0.1247
vn 0.3295 -0.9347 -0.1335
vn 0.2471 -0.9616 -0.1191
vn -0.3295 -0.9347 -0.1335
vn -0.2471 -0.9616 -0.1191
vn 0.2465 -0.9688 -0.0231
vn -0.2465 -0.9688 -0.0231
vn 0.0163 -0.8605 0.5092
vn 0.2454 -0.8878 0.3894
vn -0.2454 -0.8878 0.3894
vn -0.0163 -0.8605 0.5092
vn 0.4690 -0.8678 0.1643
vn 0.4845 -0.8748 0.0058
vn -0.4690 -0.8678 0.1643
vn -0.4845 -0.8748 0.0058
vn 0.4366 -0.8875 -0.1472
vn 0.4521 -0.8878 -0.0863
vn -0.4521 -0.8878 -0.0863
vn -0.4366 -0.8875 -0.1472
vn 0.5094 -0.8603 0.0167
vn 0.4780 -0.8783 -0.0067
vn 0.4768 -0.8705 -0.1222
vn -0.4768 -0.8705 -0.1222
vn -0.5094 -0.8603 0.0167
vn 0.4788 -0.8597 0.1777
vn 0.4206 -0.8662 0.2697
vn -0.4788 -0.8597 0.1777
vn -0.4206 -0.8662 0.2697
vn 0.4020 -0.8789 0.2567
vn -0.4020 -0.8789 0.2567
vn -0.0649 0.4544 -0.8884
vn 0.0923 0.5003 -0.8609
vn -0.1180 0.4101 -0.9043
vn -0.1657 0.8605 -0.4817
vn -0.3211 0.8608 -0.3947
vn -0.2385 0.8983 -0.3690
vn 0.1657 0.8605 -0.4817
vn 0.0649 0.4544 -0.8884
vn 0.3211 0.8608 -0.3947
vn 0.1180 0.4101 -0.9043
vn -0.0923 0.5003 -0.8609
vn 0.2385 0.8983 -0.3690
vn 0.3815 0.4656 -0.7985
vn 0.7125 0.2814 -0.6428
vn -0.0151 0.9306 -0.3656
vn 0.3558 0.8635 -0.3574
vn -0.3815 0.4656 -0.7985
vn 0.0151 0.9306 -0.3656
vn -0.7125 0.2814 -0.6428
vn -0.3558 0.8635 -0.3574
vn 0.9782 -0.1501 0.1433
vn 0.9421 -0.0461 -0.3321
vn 0.7429 0.6351 -0.2115
vn 0.9129 0.3945 0.1048
vn -0.9421 -0.0461 -0.3321
vn -0.7429 0.6351 -0.2115
vn -0.9782 -0.1501 0.1433
vn -0.9129 0.3945 0.1048
vn 0.2842 0.5072 0.8136
vn 0.7774 0.2192 0.5896
vn 0.5819 0.7330 0.3522
vn 0.0523 0.9242 0.3783
vn -0.5819 0.7330 0.3522
vn -0.7774 0.2192 0.5896
vn -0.2842 0.5072 0.8136
vn -0.0523 0.9242 0.3783
vn -0.4218 0.5210 0.7421
vn -0.1910 0.5686 0.8001
vn -0.2815 0.9115 0.2998
vn -0.4304 0.8560 0.2863
vn 0.2815 0.9115 0.2998
vn 0.1910 0.5686 0.8001
vn 0.4218 0.5210 0.7421
vn 0.4304 0.8560 0.2863
vn -0.5804 0.3616 0.7296
vn -0.5217 0.4478 0.7261
vn -0.4815 0.8183 0.3139
vn -0.3637 0.8451 0.3916
vn 0.5217 0.4478 0.7261
vn 0.4815 0.8183 0.3139
vn 0.5804 0.3616 0.7296
vn 0.3637 0.8451 0.3916
vn -0.3585 0.9333 -0.0200
vn -0.3910 0.9201 -0.0219
vn -0.1271 0.9897 -0.0652
vn 0.1271 0.9897 -0.0652
vn 0.3910 0.9201 -0.0219
vn 0.3585 0.9333 -0.0200
vn -0.2244 0.9742 -0.0249
vn -0.0305 0.9992 -0.0257
vn 0.2244 0.9742 -0.0249
vn 0.0305 0.9992 -0.0257
vn 0.3463 0.9376 0.0297
vn -0.3463 0.9376 0.0297
vn 0.2657 0.9156 0.3017
vn -0.2540 0.5036 0.8257
vn 0.2540 0.5036 0.8257
vn -0.2657 0.9156 0.3017
vn 0.3084 0.9328 -0.1864
vn 0.0974 0.8206 -0.5631
vn -0.3084 0.9328 -0.1864
vn -0.0974 0.8206 -0.5631
vn -0.0807 0.4392 -0.8947
vn 0.0807 0.4392 -0.8947