v 0.439019 -0.756944 0.159939
v -0.439019 -0.756944 0.159939
v 0.483073 -0.684896 0.112847
v -0.483073 -0.684896 0.112847
v 0.527344 -0.582031 0.072917
v -0.527344 -0.582031 0.072917
v 0.351563 -0.615885 0.002604
v -0.351563 -0.615885 0.002604
v 0.351780 -0.711155 0.059028
v -0.351780 -0.711155 0.059028
v 0.352648 -0.774306 0.125868
v -0.352648 -0.774306 0.125868
v 0.269314 -0.788846 0.159939
v -0.269314 -0.788846 0.159939
v 0.221137 -0.731988 0.112847
v -0.221137 -0.731988 0.112847
v 0.175781 -0.644531 0.072917
v -0.175781 -0.644531 0.072917
v 0.104167 -0.653646 0.243490
v -0.104167 -0.653646 0.243490
v 0.167101 -0.736545 0.242622
v -0.167101 -0.736545 0.242622
v 0.235243 -0.791667 0.243273
v -0.235243 -0.791667 0.243273
v 0.269314 -0.788846 0.329861
v -0.269314 -0.788846 0.329861
v 0.221137 -0.731988 0.373698
v -0.221137 -0.731988 0.373698
v 0.175781 -0.644531 0.417969
v -0.175781 -0.644531 0.417969
v 0.351563 -0.615885 0.489583
v -0.351563 -0.615885 0.489583
v 0.351780 -0.711155 0.427951
v -0.351780 -0.711155 0.427951
v 0.352648 -0.774306 0.365017
v -0.352648 -0.774306 0.365017
v 0.439019 -0.756944 0.329861
v -0.439019 -0.756945 0.329861
v 0.483073 -0.684896 0.373698
v -0.483073 -0.684896 0.373698
v 0.527344 -0.582031 0.417969
v -0.527344 -0.582031 0.417969
v 0.598958 -0.567708 0.243490
v -0.598958 -0.567708 0.243490
v 0.537326 -0.672743 0.242622
v -0.537326 -0.672743 0.242622
v 0.473524 -0.749132 0.243273
v -0.473524 -0.749132 0.243273
v 0.449797 -0.780237 0.243345
v -0.449797 -0.780237 0.243345
v 0.422815 -0.786820 0.314381
v -0.422815 -0.786820 0.314381
v 0.352720 -0.802879 0.344039
v -0.352720 -0.802879 0.344039
v 0.285012 -0.815104 0.314381
v -0.285012 -0.815104 0.314381
v 0.256510 -0.817419 0.243345
v -0.256510 -0.817419 0.243345
v 0.285012 -0.815104 0.175637
v -0.285012 -0.815104 0.175637
v 0.352264 -0.818309 0.243239
v -0.352264 -0.818309 0.243239
v 0.352720 -0.802879 0.147135
v -0.352720 -0.802879 0.147135
v 0.422815 -0.786820 0.175637
v -0.422815 -0.786820 0.175637
v 0.000000 -0.735243 0.434028
v 0.000000 -0.803030 0.353456
v 0.000000 -0.736979 -0.654080
v 0.000000 -0.778646 -0.301649
v -0.000000 -0.789497 -0.171441
v 0.000000 -0.713108 -0.762153
v 0.000000 -0.623264 0.448061
v 0.000000 -0.532907 0.566604
v 0.000000 0.474392 0.839844
v 0.000000 0.745660 0.506076
v 0.000000 0.753906 0.100260
v 0.000000 0.289931 -0.342448
v 0.235026 -0.580946 -0.174045
v -0.235026 -0.580946 -0.174045
v 0.281033 -0.564236 -0.444878
v -0.281033 -0.564236 -0.444879
v 0.315104 -0.555773 -0.654948
v -0.315104 -0.555773 -0.654948
v 0.329861 -0.532552 -0.832465
v -0.329861 -0.532552 -0.832465
v 0.293620 -0.526693 -0.924479
v -0.293620 -0.526693 -0.924479
v 0.168403 -0.547092 -0.957465
v -0.168403 -0.547092 -0.957465
v 0.000000 -0.562066 -0.970486
v 0.423177 -0.550564 -0.109375
v -0.423177 -0.550564 -0.109375
v 0.622179 -0.522352 -0.004123
v -0.622179 -0.522352 -0.004123
v 0.777127 -0.492188 0.173394
v -0.777127 -0.492188 0.173394
v 0.803603 -0.567925 0.382378
v -0.803603 -0.567925 0.382378
v 0.686415 -0.624132 0.478516
v -0.686415 -0.624132 0.478516
v 0.491753 -0.680339 0.588759
v -0.491754 -0.680339 0.588759
v 0.323134 -0.724175 0.697266
v -0.323134 -0.724175 0.697266
v 0.180122 -0.745009 0.662326
v -0.180122 -0.745009 0.662326
v 0.079644 -0.741754 0.501953
v -0.079644 -0.741754 0.501953
v 0.167535 -0.783203 0.406250
v -0.167535 -0.783203 0.406250
v 0.121962 -0.776476 0.311198
v -0.121962 -0.776476 0.311198
v 0.215929 -0.749349 0.065972
v -0.215929 -0.749349 0.065972
v 0.370009 -0.708333 0.030599
v -0.370009 -0.708333 0.030599
v 0.509115 -0.672960 0.079210
v -0.509115 -0.672960 0.079210
v 0.615885 -0.651910 0.190321
v -0.615885 -0.651910 0.190321
v 0.639540 -0.658420 0.300564
v -0.639540 -0.658420 0.300564
v 0.585938 -0.685981 0.378038
v -0.585938 -0.685981 0.378038
v 0.442491 -0.733941 0.445096
v -0.442491 -0.733941 0.445096
v 0.245443 -0.775174 0.474826
v -0.245443 -0.775174 0.474826
v 0.000000 -0.732205 -0.740885
v 0.113750 -0.722500 -0.745313
v -0.113750 -0.722500 -0.745313
v 0.123481 -0.699436 -0.835504
v -0.123481 -0.699436 -0.835503
v 0.073351 -0.685330 -0.882596
v -0.073351 -0.685330 -0.882596
v 0.000000 -0.680990 -0.894097
v 0.000000 -0.765625 -0.167411
v -0.000000 -0.751421 -0.131629
v 0.094401 -0.756511 -0.148003
v -0.094401 -0.756510 -0.148003
v 0.123481 -0.751519 -0.224175
v -0.123481 -0.751519 -0.224175
v 0.091250 -0.744844 -0.305000
v -0.091250 -0.744844 -0.305000
v 0.392361 -0.665365 -0.041884
v -0.392361 -0.665365 -0.041884
v 0.587240 -0.618490 0.050130
v -0.587240 -0.618490 0.050130
v 0.708333 -0.599392 0.196181
v -0.708333 -0.599392 0.196181
v 0.730469 -0.643446 0.349175
v -0.730469 -0.643446 0.349175
v 0.649740 -0.701172 0.430990
v -0.649740 -0.701172 0.430990
v 0.462457 -0.760851 0.533854
v -0.462457 -0.760851 0.533854
v 0.319010 -0.799913 0.613064
v -0.319010 -0.799913 0.613064
v 0.205729 -0.816840 0.584635
v -0.205729 -0.816840 0.584635
v 0.107639 -0.814019 0.452691
v -0.107639 -0.814019 0.452691
v 0.153291 -0.756155 -0.093868
v -0.153291 -0.756155 -0.093868
v 0.207465 -0.690321 -0.463976
v -0.207465 -0.690321 -0.463976
v 0.240234 -0.675130 -0.675998
v -0.240234 -0.675130 -0.675998
v 0.250217 -0.652995 -0.810981
v -0.250217 -0.652995 -0.810981
v 0.221354 -0.632379 -0.894748
v -0.221354 -0.632378 -0.894748
v 0.138238 -0.631076 -0.927083
v -0.138238 -0.631076 -0.927083
v 0.000000 -0.635417 -0.937934
v 0.000000 -0.745028 0.039299
v 0.000000 -0.764757 0.209635
v 0.330512 -0.759766 0.486545
v -0.330512 -0.759766 0.486545
v 0.145616 -0.753906 0.131076
v -0.145616 -0.753906 0.131076
v 0.120443 -0.763238 0.214627
v -0.120443 -0.763238 0.214627
v 0.113932 -0.728733 -0.657335
v -0.113932 -0.728733 -0.657335
v 0.092665 -0.739583 -0.461589
v -0.092665 -0.739583 -0.461589
v 0.000000 -0.746094 -0.463108
v 0.000000 -0.750000 -0.335070
v 0.081163 -0.781250 -0.271918
v -0.081163 -0.781250 -0.271918
v 0.117622 -0.789280 -0.219618
v -0.117622 -0.789280 -0.219618
v 0.097222 -0.782335 -0.152561
v -0.097222 -0.782335 -0.152561
v 0.040148 -0.782335 -0.142795
v -0.040148 -0.782335 -0.142795
v 0.000000 -0.820313 -0.201231
v 0.048828 -0.808594 -0.159180
v -0.048828 -0.808594 -0.159180
v 0.086589 -0.808594 -0.166341
v -0.086589 -0.808594 -0.166341
v 0.089410 -0.816623 -0.217014
v -0.089410 -0.816623 -0.217014
v 0.068685 -0.804362 -0.256510
v -0.068685 -0.804362 -0.256510
v 0.000000 -0.804688 -0.269965
v 0.242405 -0.562066 -0.316406
v -0.242405 -0.562066 -0.316406
v 0.164714 -0.702474 -0.232639
v -0.164714 -0.702474 -0.232639
v 0.180556 -0.690972 -0.319879
v -0.180556 -0.690972 -0.319879
v 0.217231 -0.569878 -0.242839
v -0.217231 -0.569879 -0.242839
v 0.000000 -0.678819 -0.872396
v 0.049262 -0.682726 -0.860894
v -0.049262 -0.682726 -0.860894
v 0.089410 -0.699002 -0.815538
v -0.089410 -0.699002 -0.815538
v 0.080512 -0.713325 -0.758898
v -0.080512 -0.713325 -0.758898
v 0.000000 -0.664931 -0.783854
v 0.072483 -0.665509 -0.777995
v -0.072483 -0.665509 -0.777995
v 0.083333 -0.660699 -0.808919
v -0.083333 -0.660699 -0.808919
v 0.051649 -0.647931 -0.835069
v -0.051649 -0.647931 -0.835069
v 0.000000 -0.646267 -0.845052
v 0.172743 -0.771484 0.221571
v -0.172743 -0.771484 0.221571
v 0.189887 -0.767578 0.158854
v -0.189887 -0.767578 0.158854
v 0.338542 -0.757595 0.427300
v -0.338542 -0.757596 0.427300
v 0.270833 -0.768012 0.419271
v -0.270833 -0.768012 0.419271
v 0.430990 -0.747179 0.400174
v -0.430990 -0.747179 0.400174
v 0.544488 -0.698134 0.350694
v -0.544488 -0.698134 0.350695
v 0.583984 -0.679036 0.284288
v -0.583984 -0.679036 0.284288
v 0.564887 -0.679905 0.195530
v -0.564887 -0.679905 0.195530
v 0.476997 -0.706597 0.107639
v -0.476997 -0.706597 0.107639
v 0.366971 -0.735243 0.073568
v -0.366971 -0.735243 0.073568
v 0.243707 -0.763672 0.108724
v -0.243707 -0.763672 0.108724
v 0.178168 -0.774523 0.298394
v -0.178168 -0.774523 0.298394
v 0.212023 -0.774740 0.373264
v -0.212023 -0.774740 0.373264
v 0.235677 -0.759115 0.355469
v -0.235677 -0.759115 0.355469
v 0.201823 -0.756510 0.295573
v -0.201823 -0.756510 0.295573
v 0.257813 -0.751302 0.126302
v -0.257813 -0.751302 0.126302
v 0.367188 -0.727865 0.097656
v -0.367188 -0.727865 0.097656
v 0.460938 -0.701823 0.127604
v -0.460938 -0.701823 0.127604
v 0.533854 -0.677083 0.207031
v -0.533854 -0.677083 0.207031
v 0.549479 -0.673177 0.278646
v -0.549479 -0.673177 0.278646
v 0.515625 -0.690104 0.335938
v -0.515625 -0.690104 0.335938
v 0.420573 -0.738281 0.384115
v -0.420573 -0.738281 0.384115
v 0.282552 -0.761719 0.393229
v -0.282552 -0.761719 0.393229
v 0.339844 -0.752604 0.402344
v -0.339844 -0.752604 0.402344
v 0.208333 -0.751302 0.173177
v -0.208333 -0.751302 0.173177
v 0.196615 -0.751302 0.229167
v -0.196615 -0.751302 0.229167
v 0.133854 -0.614531 0.502240
v -0.133854 -0.614531 0.502240
v 0.209635 -0.643229 0.635417
v -0.209635 -0.643229 0.635417
v 0.324219 -0.625977 0.661458
v -0.324219 -0.625977 0.661458
v 0.445625 -0.558906 0.554063
v -0.445625 -0.558906 0.554063
v 0.664280 -0.489149 0.466797
v -0.664280 -0.489149 0.466797
v 0.775825 -0.443576 0.378689
v -0.775825 -0.443576 0.378689
v 0.767795 -0.362196 0.181424
v -0.767795 -0.362196 0.181424
v 0.623915 -0.378255 0.000217
v -0.623915 -0.378255 0.000217
v 0.408958 -0.440990 -0.118125
v -0.408958 -0.440990 -0.118125
v 0.000000 -0.255208 0.842014
v 0.000000 0.087240 0.939236
v 0.000000 0.601128 -0.168837
v 0.000000 -0.111545 -0.428385
v 0.000000 -0.455729 -0.938802
v 0.000000 -0.365451 -0.780382
v -0.000000 -0.326389 -0.581597
v 0.000000 -0.267795 -0.473524
v 0.803385 -0.131727 0.224826
v -0.803385 -0.131727 0.224826
v 0.825469 0.050000 0.292500
v -0.825469 0.050000 0.292500
v 0.757500 0.409063 0.290469
v -0.757500 0.409063 0.290469
v 0.392361 0.654297 0.442274
v -0.392361 0.654297 0.442274
v 0.685938 -0.074063 -0.025000
v -0.685938 -0.074063 -0.025000
v 0.625313 0.170000 -0.102500
v -0.625313 0.170000 -0.102500
v 0.652561 0.391276 0.011285
v -0.652561 0.391276 0.011285
v 0.320457 0.660735 0.085503
v -0.320457 0.660735 0.085503
v 0.237196 -0.409505 -0.391493
v -0.237196 -0.409505 -0.391493
v 0.156250 -0.286024 -0.430556
v -0.156250 -0.286024 -0.430556
v 0.276042 -0.410156 -0.743056
v -0.276042 -0.410156 -0.743056
v 0.250000 -0.412543 -0.546875
v -0.250000 -0.412543 -0.546875
v 0.281901 -0.433919 -0.885417
v -0.281901 -0.433919 -0.885417
v 0.142795 -0.376085 -0.752387
v -0.142795 -0.376085 -0.752387
v 0.133464 -0.347439 -0.554036
v -0.133464 -0.347439 -0.554036
v 0.162109 -0.443142 -0.917752
v -0.162109 -0.443142 -0.917752
v 0.243854 -0.396198 -0.286406
v -0.243854 -0.396198 -0.286406
v 0.247251 -0.473814 -0.212457
v -0.247251 -0.473814 -0.212457
v 0.257921 -0.502713 -0.172201
v -0.257921 -0.502713 -0.172201
v 0.212448 -0.150104 -0.360469
v -0.212448 -0.150104 -0.360469
v 0.266059 0.246745 -0.285373
v -0.266059 0.246745 -0.285373
v 0.299624 0.533131 -0.128472
v -0.299624 0.533131 -0.128472
v 0.409071 0.413846 0.785590
v -0.409071 0.413846 0.785590
v 0.408854 0.096137 0.885200
v -0.408854 0.096137 0.885200
v 0.409505 -0.198351 0.794488
v -0.409505 -0.198351 0.794488
v 0.419054 -0.413411 0.572483
v -0.419054 -0.413411 0.572483
v 0.746962 -0.276042 0.410156
v -0.746962 -0.276042 0.410156
v 0.630208 -0.309028 0.499132
v -0.630208 -0.309028 0.499132
v 0.632813 -0.089844 0.672092
v -0.632813 -0.089844 0.672092
v 0.771918 -0.078993 0.526476
v -0.771918 -0.078993 0.526476
v 0.774523 0.146701 0.571181
v -0.774523 0.146701 0.571181
v 0.635417 0.161675 0.737196
v -0.635417 0.161675 0.737196
v 0.632378 0.404080 0.640625
v -0.632378 0.404080 0.640625
v 0.753906 0.342448 0.521159
v -0.753906 0.342448 0.521159
v 0.598307 0.548394 0.342448
v -0.598307 0.548394 0.342448
v 0.481823 0.510885 0.019062
v -0.481823 0.510885 0.019063
v 0.826719 0.206250 0.356875
v -0.826719 0.206250 0.356875
v 0.405260 -0.161979 -0.185469
v -0.405260 -0.161979 -0.185469
v 0.442491 0.206163 -0.168403
v -0.442491 0.206163 -0.168403
v 0.900174 0.267795 0.391493
v -0.900174 0.267795 0.391493
v 0.800130 0.200304 -0.113715
v -0.800130 0.200304 -0.113715
v 1.035156 0.334852 -0.070313
v -1.035156 0.334852 -0.070313
v 1.246094 0.425781 0.076172
v -1.246094 0.425781 0.076172
v 1.310547 0.434896 0.298828
v -1.310547 0.434896 0.298828
v 1.213108 0.419922 0.454861
v -1.213108 0.419922 0.454861
v 1.034722 0.340495 0.453776
v -1.034722 0.340495 0.453776
v 1.031033 0.309245 0.407552
v -1.031033 0.309245 0.407552
v 1.177300 0.389106 0.407552
v -1.177300 0.389106 0.407552
v 1.251736 0.413628 0.277344
v -1.251736 0.413628 0.277344
v 1.197266 0.400174 0.092014
v -1.197266 0.400174 0.092014
v 1.030382 0.306207 -0.028212
v -1.030382 0.306207 -0.028212
v 0.843316 0.180773 -0.063151
v -0.843316 0.180773 -0.063151
v 0.924696 0.242622 0.355469
v -0.924696 0.242622 0.355469
v 0.946398 0.294705 0.307726
v -0.946398 0.294705 0.307726
v 0.888455 0.243056 -0.023872
v -0.888455 0.243056 -0.023872
v 1.037543 0.352648 0.005642
v -1.037543 0.352648 0.005642
v 1.177300 0.432292 0.101345
v -1.177300 0.432292 0.101345
v 1.224392 0.444879 0.246745
v -1.224393 0.444878 0.246745
v 1.162760 0.425564 0.347873
v -1.162760 0.425564 0.347873
v 1.036458 0.358507 0.348741
v -1.036458 0.358507 0.348741
v 0.854167 0.217014 0.287760
v -0.854167 0.217014 0.287760
v 0.826389 0.269314 0.173611
v -0.826389 0.269314 0.173611
v 0.777778 0.269965 0.098090
v -0.777778 0.269965 0.098090
v 0.809896 0.281576 0.069661
v -0.809896 0.281576 0.069661
v 0.817491 0.268880 0.024523
v -0.817491 0.268880 0.024523
v 0.814236 0.255208 -0.013021
v -0.814236 0.255208 -0.013021
v 0.742043 0.081453 0.040943
v -0.742043 0.081453 0.040943
v 0.732865 0.165833 -0.029271
v -0.732865 0.165833 -0.029271
v 0.747865 0.193958 0.054010
v -0.747865 0.193958 0.054010
v 0.804905 0.196181 0.199870
v -0.804905 0.196181 0.199870
v 0.884115 0.269965 0.247179
v -0.884115 0.269965 0.247179
v 0.903646 0.319878 0.224175
v -0.903646 0.319878 0.224175
v 0.840169 0.297526 -0.006185
v -0.840169 0.297526 -0.006185
v 0.853299 0.312934 0.027127
v -0.853299 0.312934 0.027127
v 0.831814 0.313802 0.078125
v -0.831814 0.313802 0.078125
v 0.798177 0.308919 0.107747
v -0.798177 0.308919 0.107747
v 0.846354 0.314019 0.160373
v -0.846354 0.314019 0.160373
v 1.051722 0.401910 0.318432
v -1.051722 0.401910 0.318432
v 1.158059 0.453125 0.317564
v -1.158059 0.453125 0.317564
v 1.210938 0.465278 0.231988
v -1.210938 0.465278 0.231988
v 1.165148 0.452474 0.112630
v -1.165148 0.452474 0.112630
v 1.037326 0.390625 0.030599
v -1.037326 0.390625 0.030599
v 0.904080 0.298177 -0.000868
v -0.904080 0.298177 -0.000868
v 0.965929 0.346137 0.279514
v -0.965929 0.346137 0.279514
v 0.889974 0.330295 0.115451
v -0.889974 0.330295 0.115451
v 0.920790 0.330946 0.060330
v -0.920790 0.330946 0.060330
v 1.000000 0.369358 0.113932
v -1.000000 0.369358 0.113932
v 0.954210 0.349175 0.174262
v -0.954210 0.349175 0.174262
v 1.014106 0.371311 0.231554
v -1.014106 0.371311 0.231554
v 1.071398 0.395833 0.175347
v -1.071398 0.395833 0.175347
v 1.124674 0.413411 0.223958
v -1.124675 0.413411 0.223958
v 1.087529 0.404297 0.274378
v -1.087529 0.404297 0.274378
v 1.035807 0.450087 0.355903
v -1.035807 0.450087 0.355903
v 1.235388 0.507017 0.379774
v -1.235388 0.507017 0.379774
v 1.324436 0.494900 0.286784
v -1.324436 0.494900 0.286784
v 1.263166 0.503762 0.131727
v -1.263166 0.503762 0.131727
v 1.040148 0.445747 0.012587
v -1.040148 0.445747 0.012587
v 0.814019 0.343967 -0.025825
v -0.814019 0.343967 -0.025825
v 0.866103 0.375000 0.299262
v -0.866102 0.375000 0.299262
v 0.501356 -0.716797 0.242866
v 0.464654 -0.751248 0.197862
v 0.458035 -0.726617 0.139079
v 0.523058 -0.676053 0.172363
v -0.523058 -0.676053 0.172363
v -0.458035 -0.726617 0.139079
v -0.464654 -0.751248 0.197862
v -0.501356 -0.716797 0.242866
v 0.569770 -0.621853 0.242893
v 0.506185 -0.635417 0.091092
v 0.580241 -0.571452 0.150879
v -0.580241 -0.571452 0.150879
v -0.506185 -0.635417 0.091092
v -0.569770 -0.621853 0.242893
v 0.422716 -0.697456 0.073242
v 0.351590 -0.665880 0.028212
v 0.446777 -0.597982 0.021159
v -0.446777 -0.597982 0.021159
v -0.351590 -0.665880 0.028212
v -0.422716 -0.697456 0.073242
v 0.399251 -0.765137 0.134847
v 0.352214 -0.747694 0.096354
v -0.352214 -0.747694 0.096354
v -0.399251 -0.765137 0.134847
v 0.307237 -0.782796 0.134847
v 0.248318 -0.764811 0.139079
v 0.281087 -0.723362 0.073242
v -0.281087 -0.723362 0.073242
v -0.248318 -0.764811 0.139079
v -0.307237 -0.782796 0.134847
v 0.197076 -0.690620 0.091092
v 0.256348 -0.632161 0.021159
v -0.256348 -0.632161 0.021159
v -0.197076 -0.690620 0.091092
v 0.181342 -0.735813 0.172363
v 0.133518 -0.697211 0.242893
v 0.122884 -0.651530 0.150879
v -0.122884 -0.651530 0.150879
v -0.133518 -0.697211 0.242893
v -0.181342 -0.735813 0.172363
v 0.244222 -0.791314 0.197862
v 0.205566 -0.768175 0.242866
v -0.205566 -0.768175 0.242866
v -0.244222 -0.791314 0.197862
v 0.244222 -0.791314 0.289903
v 0.248318 -0.764811 0.348687
v 0.181342 -0.735813 0.313368
v -0.181342 -0.735813 0.313368
v -0.248318 -0.764811 0.348687
v -0.244222 -0.791314 0.289903
v 0.197076 -0.690620 0.396810
v 0.122884 -0.651530 0.337565
v -0.122884 -0.651530 0.337565
v -0.197076 -0.690620 0.396810
v 0.281087 -0.723362 0.413683
v 0.351590 -0.665880 0.460395
v 0.256348 -0.632161 0.470866
v -0.256348 -0.632161 0.470866
v -0.351590 -0.665880 0.460395
v -0.281087 -0.723362 0.413683
v 0.307237 -0.782796 0.355903
v 0.352214 -0.747694 0.392090
v -0.352214 -0.747694 0.392090
v -0.307237 -0.782796 0.355903
v 0.399251 -0.765137 0.355903
v 0.458035 -0.726617 0.348687
v 0.422716 -0.697456 0.413683
v -0.422716 -0.697456 0.413683
v -0.458035 -0.726617 0.348687
v -0.399251 -0.765137 0.355903
v 0.506185 -0.635417 0.396810
v 0.446777 -0.597982 0.470866
v -0.446777 -0.597982 0.470866
v -0.506185 -0.635417 0.396810
v 0.523058 -0.676053 0.313368
v 0.580241 -0.571452 0.337565
v -0.580241 -0.571452 0.337565
v -0.523058 -0.676053 0.313368
v 0.464654 -0.751248 0.289903
v -0.464654 -0.751248 0.289903
v 0.462095 -0.767343 0.243444
v 0.431460 -0.774514 0.322718
v 0.444182 -0.781404 0.281901
v -0.444182 -0.781404 0.281901
v -0.431460 -0.774513 0.322718
v -0.462095 -0.767343 0.243444
v 0.352819 -0.791386 0.355234
v 0.391158 -0.794090 0.337475
v -0.391159 -0.794090 0.337475
v -0.352819 -0.791386 0.355234
v 0.277299 -0.804986 0.322718
v 0.315430 -0.810068 0.337475
v -0.315430 -0.810068 0.337475
v -0.277299 -0.804986 0.322718
v 0.246040 -0.807581 0.243444
v 0.263003 -0.817057 0.281901
v -0.263003 -0.817057 0.281901
v -0.246040 -0.807581 0.243444
v 0.277299 -0.804986 0.167924
v 0.263003 -0.817057 0.206055
v -0.263003 -0.817057 0.206055
v -0.277299 -0.804986 0.167924
v 0.352819 -0.791386 0.136665
v 0.315430 -0.810068 0.153628
v -0.315430 -0.810068 0.153628
v -0.352819 -0.791386 0.136665
v 0.431460 -0.774514 0.167924
v 0.391159 -0.794090 0.153628
v -0.391159 -0.794090 0.153628
v -0.431460 -0.774514 0.167924
v 0.444182 -0.781404 0.206055
v -0.444182 -0.781404 0.206055
v 0.417707 -0.796767 0.243141
v 0.399450 -0.801297 0.197315
v -0.417707 -0.796767 0.243141
v -0.399450 -0.801297 0.197315
v 0.352476 -0.812292 0.178001
v -0.352476 -0.812292 0.178001
v 0.306668 -0.820566 0.197315
v -0.306668 -0.820566 0.197315
v 0.287354 -0.822320 0.243141
v -0.287354 -0.822320 0.243141
v 0.306668 -0.820566 0.290939
v -0.306668 -0.820566 0.290939
v 0.352476 -0.812292 0.311085
v -0.352476 -0.812292 0.311085
v 0.399450 -0.801297 0.290939
v -0.399450 -0.801297 0.290939
v 0.086480 -0.557590 -0.966580
v 0.159424 -0.592584 -0.946994
v 0.073432 -0.633898 -0.934788
v -0.000000 -0.602810 -0.958279
v -0.073432 -0.633898 -0.934787
v -0.159424 -0.592584 -0.946994
v -0.086480 -0.557590 -0.966580
v 0.240370 -0.535102 -0.945204
v 0.266032 -0.582872 -0.917833
v 0.187527 -0.629612 -0.915717
v -0.187527 -0.629612 -0.915717
v -0.266032 -0.582872 -0.917833
v -0.240370 -0.535102 -0.945204
v 0.321587 -0.525960 -0.888563
v 0.303467 -0.597900 -0.836779
v 0.241564 -0.641141 -0.858724
v -0.241564 -0.641140 -0.858724
v -0.303467 -0.597901 -0.836779
v -0.321588 -0.525960 -0.888563
v 0.326226 -0.544244 -0.753310
v 0.292074 -0.623101 -0.678087
v 0.249295 -0.664551 -0.753744
v -0.249295 -0.664551 -0.753744
v -0.292074 -0.623101 -0.678087
v -0.326226 -0.544244 -0.753310
v 0.299615 -0.562364 -0.545682
v 0.256863 -0.634847 -0.460775
v 0.224908 -0.684353 -0.571208
v -0.224908 -0.684353 -0.571208
v -0.256863 -0.634847 -0.460775
v -0.299615 -0.562364 -0.545682
v 0.208736 -0.665062 -0.149290
v 0.315186 -0.568197 -0.143338
v 0.409559 -0.611464 -0.082872
v 0.276213 -0.707379 -0.067246
v -0.276213 -0.707379 -0.067246
v -0.409559 -0.611464 -0.082872
v -0.315186 -0.568197 -0.143338
v -0.208736 -0.665062 -0.149291
v 0.526666 -0.537923 -0.064480
v 0.613091 -0.574246 0.019911
v 0.497450 -0.637533 -0.003364
v -0.497450 -0.637533 -0.003364
v -0.613091 -0.574246 0.019911
v -0.526666 -0.537923 -0.064480
v 0.710070 -0.498888 0.074870
v 0.752577 -0.549045 0.185357
v 0.659017 -0.602919 0.117703
v -0.659017 -0.602919 0.117703
v -0.752577 -0.549045 0.185357
v -0.710070 -0.498888 0.074870
v 0.809408 -0.523139 0.285780
v 0.776720 -0.613824 0.370741
v 0.731608 -0.615804 0.279107
v -0.731608 -0.615804 0.279107
v -0.776720 -0.613824 0.370741
v -0.809408 -0.523139 0.285780
v 0.760471 -0.599691 0.439155
v 0.674832 -0.674452 0.460368
v 0.705729 -0.671983 0.393907
v -0.705729 -0.671983 0.393907
v -0.674832 -0.674452 0.460368
v -0.760471 -0.599691 0.439155
v 0.591119 -0.651828 0.527941
v 0.478651 -0.733860 0.570991
v 0.559923 -0.732069 0.479492
v -0.559923 -0.732069 0.479492
v -0.478651 -0.733860 0.570991
v -0.591119 -0.651828 0.527941
v 0.403130 -0.704861 0.652452
v 0.319038 -0.776449 0.668674
v 0.383328 -0.783474 0.582330
v -0.383328 -0.783474 0.582330
v -0.319038 -0.776449 0.668674
v -0.403130 -0.704861 0.652452
v 0.247477 -0.737847 0.702176
v 0.187880 -0.795329 0.634874
v 0.260417 -0.810981 0.615533
v -0.260417 -0.810981 0.615533
v -0.187880 -0.795329 0.634874
v -0.247477 -0.737847 0.702176
v 0.125244 -0.745416 0.584012
v 0.086887 -0.791151 0.482124
v 0.154894 -0.817627 0.522244
v -0.154894 -0.817627 0.522244
v -0.086887 -0.791151 0.482123
v -0.125244 -0.745416 0.584012
v 0.038764 -0.737359 0.450494
v -0.000000 -0.782401 0.410198
v 0.061944 -0.807711 0.399104
v -0.061944 -0.807711 0.399104
v -0.038764 -0.737359 0.450494
v 0.136936 -0.803657 0.427192
v 0.204454 -0.780735 0.446072
v 0.226318 -0.801053 0.526476
v -0.226318 -0.801053 0.526476
v -0.204454 -0.780735 0.446072
v -0.136936 -0.803657 0.427192
v 0.286838 -0.768039 0.488336
v 0.323866 -0.784804 0.546143
v -0.323866 -0.784804 0.546143
v -0.286838 -0.768039 0.488336
v 0.380317 -0.749702 0.470947
v 0.450521 -0.751302 0.487603
v -0.450521 -0.751302 0.487603
v -0.380317 -0.749702 0.470947
v 0.518202 -0.710205 0.412950
v 0.617350 -0.697320 0.401910
v -0.617350 -0.697320 0.401910
v -0.518202 -0.710205 0.412950
v 0.624864 -0.669027 0.342150
v 0.681993 -0.653944 0.322917
v -0.681993 -0.653944 0.322917
v -0.624864 -0.669027 0.342150
v 0.637885 -0.652073 0.248861
v 0.659180 -0.631510 0.195285
v -0.659180 -0.631510 0.195285
v -0.637885 -0.652072 0.248861
v 0.569824 -0.659749 0.130859
v 0.547201 -0.649713 0.067925
v -0.547201 -0.649713 0.067925
v -0.569824 -0.659749 0.130859
v 0.443387 -0.688775 0.044000
v 0.378499 -0.693685 -0.002387
v -0.378499 -0.693685 -0.002387
v -0.443386 -0.688775 0.044000
v 0.288086 -0.731527 0.040880
v 0.186885 -0.755652 0.005590
v -0.186885 -0.755651 0.005590
v -0.288086 -0.731527 0.040880
v 0.170681 -0.754313 0.096408
v 0.089274 -0.748690 0.094936
v 0.080060 -0.759618 -0.023837
v -0.080060 -0.759618 -0.023837
v -0.089274 -0.748690 0.094936
v -0.170681 -0.754313 0.096408
v 0.139214 -0.781386 0.360189
v 0.072361 -0.790241 0.325644
v -0.072361 -0.790241 0.325644
v -0.139214 -0.781386 0.360189
v 0.116726 -0.770101 0.262017
v 0.000000 -0.782998 0.274511
v 0.066325 -0.763265 0.211236
v -0.066325 -0.763265 0.211236
v -0.116726 -0.770101 0.262017
v 0.000000 -0.750060 0.141309
v 0.129937 -0.757026 0.170654
v -0.129937 -0.757026 0.170654
v 0.105062 -0.663574 -0.903456
v 0.037977 -0.682021 -0.891520
v 0.000000 -0.662598 -0.914551
v -0.037977 -0.682020 -0.891520
v -0.105062 -0.663574 -0.903456
v 0.168593 -0.672825 -0.863254
v 0.103217 -0.691162 -0.865153
v -0.103217 -0.691162 -0.865153
v -0.168593 -0.672824 -0.863254
v 0.184592 -0.694359 -0.775513
v 0.129647 -0.709889 -0.792508
v -0.129647 -0.709889 -0.792508
v -0.184592 -0.694359 -0.775513
v 0.149333 -0.723660 -0.462864
v 0.103461 -0.734809 -0.565158
v 0.177572 -0.709663 -0.666178
v -0.177572 -0.709663 -0.666179
v -0.103461 -0.734809 -0.565158
v -0.149333 -0.723660 -0.462864
v 0.117386 -0.724877 -0.712159
v -0.117386 -0.724877 -0.712159
v 0.088290 -0.740570 -0.375465
v 0.043300 -0.749467 -0.327329
v 0.000000 -0.746582 -0.384928
v 0.043810 -0.745280 -0.462267
v -0.043810 -0.745280 -0.462267
v -0.043300 -0.749467 -0.327329
v -0.088290 -0.740570 -0.375465
v 0.055257 -0.735948 -0.654161
v -0.000000 -0.742025 -0.562500
v -0.055257 -0.735948 -0.654161
v 0.000000 -0.734429 -0.711480
v 0.054262 -0.731414 -0.736464
v -0.054262 -0.731414 -0.736464
v 0.115566 -0.747582 -0.260462
v 0.119005 -0.769748 -0.221490
v 0.106391 -0.786160 -0.248454
v 0.082254 -0.763627 -0.281105
v -0.082254 -0.763627 -0.281105
v -0.106391 -0.786160 -0.248454
v -0.119005 -0.769748 -0.221490
v -0.115566 -0.747582 -0.260462
v 0.117079 -0.755398 -0.184218
v 0.095242 -0.765110 -0.152805
v 0.114258 -0.786784 -0.183729
v -0.114258 -0.786784 -0.183729
v -0.095242 -0.765110 -0.152805
v -0.117079 -0.755398 -0.184218
v 0.054782 -0.753359 -0.126551
v 0.028795 -0.764481 -0.142542
v 0.069417 -0.780545 -0.138482
v -0.069417 -0.780545 -0.138482
v -0.028795 -0.764481 -0.142542
v -0.054782 -0.753359 -0.126551
v 0.000000 -0.760589 -0.160093
v 0.000000 -0.772135 -0.170247
v 0.017714 -0.786811 -0.160373
v -0.017714 -0.786811 -0.160373
v 0.000000 -0.762370 -0.312012
v 0.043837 -0.778971 -0.292399
v -0.043837 -0.778971 -0.292399
v 0.000000 -0.792643 -0.289225
v 0.076622 -0.795454 -0.263310
v 0.040992 -0.804636 -0.264544
v -0.040992 -0.804636 -0.264544
v -0.076622 -0.795454 -0.263310
v -0.000000 -0.806707 -0.177786
v 0.033856 -0.814812 -0.176123
v 0.045371 -0.798524 -0.148837
v -0.045371 -0.798524 -0.148837
v -0.033856 -0.814812 -0.176123
v 0.068127 -0.809450 -0.160174
v 0.094073 -0.798524 -0.157740
v -0.094073 -0.798524 -0.157740
v -0.068127 -0.809450 -0.160174
v 0.090722 -0.814366 -0.187960
v 0.109863 -0.805718 -0.218642
v -0.109863 -0.805718 -0.218642
v -0.090722 -0.814366 -0.187960
v 0.080556 -0.811432 -0.240619
v -0.080556 -0.811432 -0.240619
v 0.052775 -0.820894 -0.212738
v -0.052775 -0.820894 -0.212738
v 0.000000 -0.815605 -0.241940
v -0.000000 -0.748360 -0.067368
v 0.103999 -0.761687 -0.128335
v -0.103999 -0.761687 -0.128335
v 0.139052 -0.734972 -0.227512
v 0.153017 -0.726314 -0.179116
v -0.153017 -0.726314 -0.179116
v -0.139052 -0.734972 -0.227512
v 0.136833 -0.725257 -0.313467
v 0.173041 -0.692247 -0.275119
v -0.173041 -0.692247 -0.275119
v -0.136833 -0.725257 -0.313467
v 0.192057 -0.691705 -0.380208
v -0.192057 -0.691705 -0.380208
v 0.260742 -0.563151 -0.369575
v 0.219862 -0.632216 -0.321723
v -0.219862 -0.632216 -0.321723
v -0.260742 -0.563151 -0.369575
v 0.228841 -0.563856 -0.276937
v 0.195204 -0.640490 -0.239610
v -0.195204 -0.640490 -0.239610
v -0.228841 -0.563856 -0.276937
v 0.209852 -0.578912 -0.207872
v -0.209852 -0.578912 -0.207872
v 0.087736 -0.724524 -0.753012
v 0.000000 -0.726563 -0.755263
v 0.046197 -0.713949 -0.757514
v -0.046197 -0.713949 -0.757514
v -0.087736 -0.724524 -0.753012
v 0.098877 -0.708008 -0.821126
v 0.093994 -0.707791 -0.782254
v -0.093994 -0.707791 -0.782254
v -0.098877 -0.708008 -0.821126
v 0.055854 -0.691515 -0.869303
v 0.072510 -0.689806 -0.842855
v -0.072510 -0.689806 -0.842855
v -0.055854 -0.691515 -0.869303
v 0.000000 -0.686578 -0.880968
v 0.024712 -0.679471 -0.869982
v -0.024712 -0.679471 -0.869982
v 0.000000 -0.660753 -0.863119
v 0.047770 -0.663402 -0.852132
v 0.026964 -0.646638 -0.842340
v -0.026964 -0.646638 -0.842339
v -0.047770 -0.663402 -0.852132
v 0.085907 -0.677369 -0.811881
v 0.071639 -0.651694 -0.823545
v -0.071639 -0.651694 -0.823545
v -0.085907 -0.677369 -0.811881
v 0.077718 -0.690421 -0.764377
v 0.085473 -0.661853 -0.790654
v -0.085473 -0.661853 -0.790654
v -0.077718 -0.690421 -0.764377
v 0.000000 -0.689833 -0.768446
v 0.041287 -0.665817 -0.779704
v -0.041287 -0.665817 -0.779704
v 0.000000 -0.648275 -0.813965
v 0.061523 -0.649333 -0.805691
v -0.061523 -0.649333 -0.805691
v 0.153836 -0.768501 0.218099
v 0.175727 -0.762451 0.150011
v 0.178630 -0.769043 0.188178
v -0.178630 -0.769043 0.188178
v -0.175727 -0.762451 0.150011
v -0.153836 -0.768501 0.218099
v 0.156169 -0.773953 0.302762
v 0.172282 -0.773329 0.258843
v -0.172282 -0.773329 0.258843
v -0.156169 -0.773953 0.302762
v 0.192952 -0.775798 0.387967
v 0.191352 -0.775201 0.337864
v -0.191352 -0.775201 0.337864
v -0.192952 -0.775798 0.387967
v 0.233724 -0.755534 0.096056
v 0.208496 -0.767578 0.133057
v -0.208496 -0.767578 0.133057
v -0.233724 -0.755534 0.096056
v 0.367025 -0.723904 0.055501
v 0.301432 -0.751329 0.085775
v -0.301432 -0.751329 0.085775
v -0.367025 -0.723904 0.055501
v 0.487522 -0.693441 0.093180
v 0.424832 -0.720758 0.081245
v -0.424832 -0.720757 0.081245
v -0.487522 -0.693441 0.093180
v 0.585585 -0.668918 0.190809
v 0.526720 -0.691379 0.148248
v -0.526720 -0.691379 0.148248
v -0.585585 -0.668918 0.190809
v 0.607530 -0.669135 0.288927
v 0.582574 -0.676704 0.242106
v -0.582574 -0.676704 0.242106
v -0.607530 -0.669135 0.288927
v 0.562202 -0.689616 0.361599
v 0.573676 -0.684353 0.320096
v -0.573676 -0.684353 0.320095
v -0.562202 -0.689616 0.361599
v 0.436334 -0.736898 0.416694
v 0.491564 -0.723633 0.377550
v -0.491564 -0.723633 0.377550
v -0.436334 -0.736898 0.416694
v 0.335585 -0.753635 0.448703
v 0.379883 -0.755968 0.417399
v -0.379883 -0.755968 0.417399
v -0.335585 -0.753635 0.448703
v 0.260335 -0.766629 0.440375
v 0.303223 -0.761990 0.428087
v -0.303223 -0.761990 0.428087
v -0.260335 -0.766629 0.440375
v 0.239556 -0.772434 0.400825
v -0.239556 -0.772434 0.400825
v 0.277669 -0.766412 0.404785
v 0.225396 -0.768880 0.363064
v 0.258138 -0.761393 0.377767
v -0.258138 -0.761393 0.377767
v -0.225396 -0.768880 0.363064
v -0.277669 -0.766412 0.404785
v 0.339681 -0.757134 0.413276
v 0.309245 -0.757650 0.401204
v -0.309245 -0.757650 0.401204
v -0.339681 -0.757134 0.413276
v 0.425781 -0.746718 0.390517
v 0.376302 -0.748861 0.397135
v -0.376302 -0.748861 0.397135
v -0.425781 -0.746718 0.390517
v 0.529487 -0.697456 0.342665
v 0.471517 -0.714681 0.362467
v -0.471517 -0.714681 0.362467
v -0.529487 -0.697456 0.342665
v 0.565511 -0.679281 0.281304
v 0.540365 -0.677246 0.308268
v -0.540365 -0.677246 0.308268
v -0.565511 -0.679281 0.281304
v 0.548476 -0.681342 0.201199
v 0.548503 -0.672689 0.245280
v -0.548503 -0.672689 0.245280
v -0.548476 -0.681342 0.201199
v 0.468804 -0.707791 0.118761
v 0.502279 -0.687988 0.164876
v -0.502279 -0.687988 0.164876
v -0.468804 -0.707791 0.118761
v 0.367160 -0.735135 0.086833
v 0.416992 -0.714844 0.104329
v -0.416992 -0.714844 0.104329
v -0.367160 -0.735135 0.086833
v 0.251166 -0.761149 0.117757
v 0.309570 -0.741536 0.107096
v -0.309570 -0.741536 0.107096
v -0.251166 -0.761149 0.117757
v 0.199680 -0.762614 0.166016
v 0.225260 -0.753255 0.148763
v -0.225260 -0.753255 0.148763
v -0.199680 -0.762614 0.166016
v 0.192030 -0.768039 0.296414
v 0.215820 -0.757813 0.327474
v -0.215820 -0.757813 0.327474
v -0.192030 -0.768039 0.296414
v 0.185818 -0.764567 0.225288
v 0.196289 -0.753906 0.261882
v -0.196289 -0.753906 0.261882
v -0.185818 -0.764567 0.225288
v 0.200033 -0.750326 0.199707
v -0.200033 -0.750326 0.199707
v 0.000000 -0.675673 0.438386
v 0.090738 -0.679807 0.502255
v 0.048995 -0.623451 0.458757
v -0.048995 -0.623451 0.458757
v -0.090738 -0.679807 0.502255
v 0.188874 -0.685140 0.657249
v 0.185040 -0.630477 0.577115
v -0.185040 -0.630477 0.577115
v -0.188874 -0.685140 0.657249
v 0.327697 -0.664414 0.689205
v 0.266490 -0.628294 0.654885
v -0.266490 -0.628295 0.654885
v -0.327697 -0.664414 0.689205
v 0.490532 -0.618404 0.581079
v 0.369838 -0.602181 0.618360
v -0.369838 -0.602181 0.618360
v -0.490532 -0.618404 0.581079
v 0.681044 -0.562012 0.477051
v 0.574476 -0.518944 0.508257
v -0.574476 -0.518944 0.508257
v -0.681044 -0.562012 0.477051
v 0.798503 -0.511203 0.382243
v 0.732259 -0.469618 0.431369
v -0.732259 -0.469618 0.431369
v -0.798503 -0.511203 0.382243
v 0.774170 -0.437364 0.172282
v 0.789632 -0.399061 0.288764
v -0.789632 -0.399061 0.288764
v -0.774170 -0.437364 0.172282
v 0.619141 -0.464627 -0.005371
v 0.708143 -0.359158 0.082275
v -0.708143 -0.359158 0.082275
v -0.619141 -0.464627 -0.005371
v 0.426048 -0.500414 -0.111362
v 0.528040 -0.403472 -0.062711
v -0.528040 -0.403472 -0.062711
v -0.426048 -0.500414 -0.111362
v 0.067952 -0.332275 -0.573107
v 0.000000 -0.301812 -0.514703
v 0.085449 -0.268446 -0.460178
v 0.142660 -0.320882 -0.480496
v -0.142660 -0.320882 -0.480496
v -0.085449 -0.268446 -0.460178
v -0.067952 -0.332275 -0.573107
v 0.071072 -0.369059 -0.771674
v 0.000000 -0.343316 -0.676107
v 0.134630 -0.361925 -0.649143
v -0.134630 -0.361925 -0.649143
v -0.071072 -0.369059 -0.771674
v 0.081299 -0.452203 -0.932265
v -0.000000 -0.404405 -0.873101
v 0.152859 -0.402696 -0.847439
v -0.152859 -0.402696 -0.847439
v -0.081299 -0.452203 -0.932265
v 0.168267 -0.494385 -0.951687
v 0.000000 -0.511014 -0.968153
v -0.168267 -0.494385 -0.951687
v 0.297704 -0.469745 -0.910123
v 0.237021 -0.433368 -0.901212
v -0.237021 -0.433368 -0.901212
v -0.297704 -0.469745 -0.910123
v 0.318414 -0.464030 -0.788249
v 0.285877 -0.417661 -0.831089
v -0.285877 -0.417661 -0.831089
v -0.318414 -0.464030 -0.788249
v 0.296224 -0.479438 -0.598470
v 0.262044 -0.410455 -0.644152
v -0.262044 -0.410455 -0.644152
v -0.296224 -0.479438 -0.598470
v 0.213976 -0.384901 -0.735270
v 0.194417 -0.370877 -0.537028
v -0.194417 -0.370877 -0.537028
v -0.213976 -0.384901 -0.735270
v 0.202989 -0.336941 -0.401096
v 0.242540 -0.411838 -0.460558
v -0.242540 -0.411838 -0.460558
v -0.202989 -0.336941 -0.401096
v 0.268880 -0.487440 -0.413629
v -0.268880 -0.487440 -0.413629
v 0.241671 -0.492069 -0.302922
v 0.252513 -0.441998 -0.240557
v 0.224564 -0.514251 -0.235623
v -0.224564 -0.514251 -0.235623
v -0.252513 -0.441998 -0.240557
v -0.241671 -0.492069 -0.302922
v 0.232932 -0.406656 -0.340750
v -0.232932 -0.406656 -0.340750
v 0.246408 -0.527377 -0.177480
v 0.241118 -0.493333 -0.190473
v -0.241118 -0.493333 -0.190473
v -0.246408 -0.527377 -0.177480
v 0.313356 -0.489019 -0.148515
v -0.313357 -0.489019 -0.148515
v 0.000000 0.694770 -0.051541
v 0.174335 0.722729 0.095486
v 0.302626 0.614149 -0.036296
v 0.162941 0.576353 -0.158746
v -0.162941 0.576353 -0.158746
v -0.302626 0.614149 -0.036296
v -0.174335 0.722729 0.095486
v 0.000000 0.467828 -0.266059
v 0.287996 0.409985 -0.213840
v 0.142144 0.275092 -0.327013
v -0.142144 0.275092 -0.327013
v -0.287996 0.409984 -0.213840
v 0.000000 0.076009 -0.395182
v 0.238980 0.052839 -0.332279
v 0.108573 -0.114971 -0.411733
v -0.108573 -0.114971 -0.411733
v -0.238980 0.052839 -0.332279
v 0.000000 -0.217339 -0.449653
v 0.171163 -0.242788 -0.399404
v -0.171163 -0.242788 -0.399404
v 0.234653 -0.283142 -0.324261
v -0.234653 -0.283142 -0.324261
v 0.781359 -0.249240 0.198242
v 0.652072 -0.244161 -0.006337
v 0.768825 -0.099752 0.102902
v -0.768825 -0.099752 0.102902
v -0.652072 -0.244161 -0.006337
v -0.781359 -0.249240 0.198242
v 0.000000 0.778266 0.295519
v 0.213596 0.715034 0.486708
v 0.357169 0.681957 0.250543
v -0.357169 0.681957 0.250543
v -0.213596 0.715034 0.486708
v 0.000000 -0.094238 0.916016
v 0.221598 -0.240777 0.830051
v 0.408936 -0.058187 0.863770
v 0.221029 0.085422 0.926297
v -0.221029 0.085422 0.926297
v -0.408936 -0.058187 0.863770
v -0.221598 -0.240777 0.830051
v 0.000000 0.283095 0.917698
v 0.408881 0.256131 0.865099
v 0.221544 0.449897 0.826714
v -0.221544 0.449897 0.826714
v -0.408881 0.256131 0.865099
v 0.000000 0.637858 0.696560
v 0.407308 0.556858 0.633952
v -0.407308 0.556858 0.633952
v 0.644233 -0.404460 0.465468
v 0.754801 -0.364366 0.383274
v 0.694119 -0.298231 0.461317
v -0.694119 -0.298231 0.461317
v -0.754801 -0.364366 0.383274
v -0.644233 -0.404460 0.465468
v 0.628581 -0.204156 0.581950
v 0.757243 -0.181098 0.466200
v 0.709771 -0.085069 0.605387
v -0.709771 -0.085069 0.605387
v -0.757243 -0.181098 0.466200
v -0.628581 -0.204156 0.581950
v 0.635091 0.033393 0.724501
v 0.776801 0.030924 0.563477
v 0.715305 0.155735 0.660617
v -0.715305 0.155735 0.660617
v -0.776801 0.030924 0.563477
v -0.635091 0.033393 0.724501
v 0.635037 0.288981 0.714220
v 0.768467 0.260986 0.551491
v 0.709331 0.377374 0.571782
v -0.709331 0.377374 0.571782
v -0.768467 0.260986 0.551491
v -0.635037 0.288981 0.714220
v 0.760505 0.377108 0.426538
v 0.676744 0.487514 0.304273
v 0.623562 0.494548 0.506673
v -0.623562 0.494548 0.506673
v -0.676744 0.487514 0.304273
v -0.760505 0.377108 0.426538
v 0.512994 0.600044 0.391059
v 0.539361 0.406440 0.717828
v -0.539361 0.406440 0.717828
v -0.512994 0.600043 0.391059
v 0.540690 0.132324 0.816569
v -0.540690 0.132324 0.816569
v 0.540446 -0.136122 0.738010
v -0.540446 -0.136122 0.738010
v 0.411675 -0.317193 0.678684
v 0.545708 -0.351535 0.538249
v -0.545709 -0.351535 0.538249
v -0.411675 -0.317193 0.678684
v 0.433566 -0.489118 0.530826
v -0.433566 -0.489118 0.530826
v 0.000000 -0.395399 0.716542
v 0.235130 -0.473158 0.589742
v -0.235130 -0.473158 0.589742
v 0.282537 -0.575229 0.539374
v -0.282537 -0.575229 0.539374
v 0.108633 -0.575030 0.512475
v -0.108633 -0.575030 0.512475
v 0.000000 -0.590088 0.486417
v 0.789985 -0.205756 0.330349
v -0.789985 -0.205756 0.330349
v 0.817860 -0.041852 0.261058
v 0.813818 -0.028153 0.423303
v -0.813818 -0.028153 0.423303
v -0.817860 -0.041852 0.261058
v 0.828772 0.119958 0.349030
v 0.805806 0.169039 0.457859
v -0.805806 0.169039 0.457859
v -0.828772 0.119958 0.349030
v 0.806308 0.305045 0.352328
v -0.806308 0.305045 0.352328
v 0.307366 -0.129492 -0.276005
v 0.360541 0.224094 -0.226644
v 0.430293 0.034945 -0.190620
v -0.430293 0.034945 -0.190620
v -0.360541 0.224094 -0.226644
v -0.307366 -0.129492 -0.276005
v 0.637655 0.054912 -0.084141
v 0.550699 -0.115755 -0.107208
v 0.530138 0.188287 -0.126753
v -0.530138 0.188287 -0.126753
v -0.550699 -0.115755 -0.107208
v -0.637655 0.054912 -0.084141
v 0.424266 -0.316964 -0.138150
v -0.424266 -0.316964 -0.138150
v 0.312364 -0.445935 -0.171068
v 0.306987 -0.298853 -0.234928
v -0.306987 -0.298853 -0.234928
v -0.312364 -0.445935 -0.171068
v 0.701375 0.432962 0.139193
v 0.574620 0.443816 0.025146
v 0.549279 0.556103 0.181247
v -0.549279 0.556103 0.181247
v -0.574620 0.443816 0.025146
v -0.701375 0.432962 0.139193
v 0.417832 0.600803 0.069567
v -0.417832 0.600803 0.069567
v 0.622559 0.294881 -0.072351
v 0.461334 0.365700 -0.100016
v -0.461334 0.365700 -0.100016
v -0.622559 0.294881 -0.072351
v 0.394028 0.510376 -0.075033
v -0.394028 0.510376 -0.075033
v 1.032634 0.310710 0.437256
v 0.959147 0.298692 0.425971
v 0.912679 0.240560 0.379015
v 0.971517 0.270644 0.384440
v -0.971517 0.270643 0.384440
v -0.912679 0.240560 0.379015
v -0.959147 0.298693 0.425971
v -1.032634 0.310710 0.437256
v 1.125217 0.385579 0.469537
v 1.105143 0.352919 0.420247
v 1.195285 0.393609 0.437880
v -1.195285 0.393609 0.437880
v -1.105143 0.352919 0.420247
v -1.125217 0.385579 0.469537
v 1.278836 0.433024 0.394504
v 1.228923 0.407471 0.357096
v 1.281711 0.416124 0.291748
v -1.281711 0.416124 0.291748
v -1.228923 0.407471 0.357096
v -1.278836 0.433024 0.394504
v 1.300049 0.435710 0.185547
v 1.241184 0.413737 0.182888
v 1.221436 0.403537 0.083523
v -1.221436 0.403537 0.083523
v -1.241184 0.413737 0.182888
v -1.300049 0.435710 0.185547
v 1.152344 0.392931 -0.010498
v 1.123183 0.364176 0.020671
v 1.031630 0.306695 -0.052355
v -1.031630 0.306695 -0.052355
v -1.123183 0.364176 0.020671
v -1.152344 0.392931 -0.010498
v 0.913005 0.258789 -0.103570
v 0.932455 0.234701 -0.055366
v 0.817247 0.172635 -0.092909
v -0.817247 0.172635 -0.092909
v -0.932454 0.234701 -0.055366
v -0.913005 0.258789 -0.103570
v 1.032905 0.325033 -0.007704
v 0.958035 0.289307 -0.015951
v 0.869303 0.208740 -0.039198
v -0.869303 0.208740 -0.039198
v -0.958035 0.289307 -0.015951
v -1.032905 0.325033 -0.007704
v 1.182075 0.412164 0.098389
v 1.114746 0.402317 0.044623
v -1.114746 0.402317 0.044623
v -1.182075 0.412164 0.098389
v 1.231879 0.425184 0.260824
v 1.214762 0.444119 0.172906
v -1.214762 0.444119 0.172906
v -1.231879 0.425184 0.260824
v 1.166043 0.402615 0.374702
v 1.206109 0.440348 0.308702
v -1.206109 0.440348 0.308702
v -1.166043 0.402615 0.374702
v 1.032362 0.329074 0.375298
v 1.100586 0.395861 0.358073
v -1.100586 0.395861 0.358073
v -1.032362 0.329074 0.375298
v 0.936524 0.264431 0.329481
v 0.985650 0.322862 0.331082
v -0.985650 0.322862 0.331082
v -0.936524 0.264431 0.329481
v 0.733787 0.022830 0.016047
v 0.689592 0.140469 -0.070129
v 0.718188 0.118053 -0.012106
v -0.718188 0.118053 -0.012106
v -0.689592 0.140469 -0.070129
v -0.733787 0.022830 0.016047
v 0.706517 0.185872 -0.107399
v 0.775267 0.167971 -0.054265
v -0.775267 0.167971 -0.054265
v -0.706517 0.185872 -0.107399
v 0.786348 0.062690 0.147524
v -0.786348 0.062690 0.147524
v 0.856045 0.247761 0.357476
v 0.843119 0.200343 0.314860
v 0.885444 0.226888 0.322591
v -0.885444 0.226888 0.322591
v -0.843119 0.200343 0.314860
v -0.856045 0.247761 0.357476
v 0.839301 0.239041 -0.022190
v 0.781104 0.214796 -0.017350
v -0.781104 0.214796 -0.017350
v -0.839301 0.239041 -0.022190
v 0.811876 0.264730 0.002414
v 0.780430 0.235542 0.031715
v 0.738369 0.181629 0.007248
v -0.738369 0.181629 0.007248
v -0.780430 0.235542 0.031715
v -0.811876 0.264730 0.002414
v 0.790377 0.274723 0.079754
v 0.766075 0.238019 0.082378
v 0.816527 0.274587 0.051298
v -0.816527 0.274587 0.051298
v -0.766076 0.238019 0.082378
v -0.790377 0.274723 0.079754
v 0.794271 0.269070 0.132107
v 0.812798 0.237874 0.181939
v 0.771546 0.189643 0.129289
v -0.771546 0.189643 0.129289
v -0.812798 0.237874 0.181939
v -0.794271 0.269070 0.132107
v 0.869629 0.242025 0.264621
v 0.830431 0.206434 0.250407
v 0.856391 0.268582 0.212267
v -0.856391 0.268582 0.212267
v -0.830431 0.206434 0.250407
v -0.869629 0.242025 0.264621
v 0.913384 0.277615 0.279324
v -0.913384 0.277615 0.279324
v 0.812340 0.138324 0.232860
v -0.812340 0.138324 0.232860
v 0.740802 0.134472 0.053018
v -0.740803 0.134472 0.053018
v 0.953885 0.323269 0.293620
v 0.892415 0.296875 0.236654
v 0.932916 0.329346 0.253391
v -0.932916 0.329346 0.253391
v -0.892415 0.296875 0.236654
v -0.953885 0.323269 0.293620
v 0.835558 0.295085 0.169189
v 0.875977 0.315565 0.193088
v -0.875977 0.315565 0.193088
v -0.835558 0.295085 0.169189
v 0.786380 0.295009 0.104518
v 0.815189 0.312547 0.128240
v -0.815189 0.312547 0.128240
v -0.786380 0.295009 0.104518
v 0.818263 0.296981 0.072932
v 0.809519 0.312520 0.095322
v -0.809519 0.312520 0.095322
v -0.818263 0.296981 0.072932
v 0.837267 0.295383 0.022569
v 0.848823 0.314182 0.053684
v -0.848823 0.314182 0.053684
v -0.837267 0.295383 0.022569
v 0.829805 0.284293 -0.010515
v 0.845268 0.307812 0.005531
v -0.845268 0.307812 0.005531
v -0.829805 0.284293 -0.010515
v 0.897407 0.273221 -0.014811
v 0.859794 0.292010 -0.006147
v -0.859794 0.292010 -0.006147
v -0.897407 0.273221 -0.014811
v 1.042761 0.385579 0.332420
v 1.004648 0.371338 0.301306
v -1.004648 0.371338 0.301306
v -1.042761 0.385579 0.332420
v 1.164614 0.447239 0.331715
v 1.106825 0.432292 0.327908
v -1.106825 0.432292 0.327908
v -1.164614 0.447239 0.331715
v 1.224826 0.463867 0.238064
v 1.195050 0.462945 0.283538
v -1.195050 0.462945 0.283538
v -1.224826 0.463867 0.238064
v 1.178548 0.450928 0.102431
v 1.200819 0.462864 0.171495
v -1.200819 0.462864 0.171495
v -1.178548 0.450928 0.102431
v 1.041097 0.378065 0.013319
v 1.107341 0.429606 0.064779
v -1.107341 0.429606 0.064779
v -1.041097 0.378065 0.013319
v 0.966309 0.338053 0.010064
v -0.966309 0.338053 0.010064
v 0.857313 0.323676 0.092556
v 0.882406 0.321696 0.040229
v 0.910916 0.333632 0.089355
v -0.910916 0.333632 0.089355
v -0.882406 0.321696 0.040229
v -0.857314 0.323676 0.092556
v 0.922906 0.338840 0.143636
v 0.960802 0.348769 0.085259
v 0.978163 0.358371 0.147352
v -0.978163 0.358371 0.147352
v -0.960802 0.348769 0.085259
v -0.922906 0.338840 0.143636
v 0.983833 0.360080 0.204536
v 1.037245 0.385200 0.145047
v 1.038032 0.379096 0.205160
v -1.038032 0.379096 0.205160
v -1.037245 0.385200 0.145047
v -0.983833 0.360080 0.204536
v 1.047861 0.384060 0.253671
v 1.101570 0.403783 0.202231
v 1.107968 0.406292 0.246240
v -1.107967 0.406292 0.246240
v -1.101570 0.403783 0.202231
v -1.047861 0.384060 0.253671
v 1.065511 0.404378 0.298584
v 0.988227 0.361654 0.257731
v -0.988227 0.361654 0.257731
v -1.065511 0.404378 0.298584
v 0.926568 0.337050 0.201660
v -0.926568 0.337050 0.201660
v 0.865967 0.324680 0.140923
v -0.865967 0.324680 0.140923
v 0.915120 0.318386 0.026964
v -0.915121 0.318387 0.026964
v 1.021756 0.384060 0.069336
v -1.021756 0.384060 0.069336
v 1.121853 0.427327 0.140489
v -1.121853 0.427328 0.140489
v 1.167190 0.439428 0.226116
v -1.167190 0.439428 0.226116
v 1.130507 0.433729 0.296902
v -1.130507 0.433729 0.296902
v 1.038710 0.391032 -0.063856
v 0.799425 0.269694 -0.103868
v 0.919759 0.386312 -0.018256
v -0.919759 0.386312 -0.018256
v -0.799425 0.269694 -0.103868
v -1.038710 0.391032 -0.063856
v 1.261900 0.465314 0.080187
v 1.162914 0.486364 0.063938
v -1.162914 0.486364 0.063938
v -1.261900 0.465314 0.080187
v 1.325935 0.467527 0.295174
v 1.316929 0.502927 0.212057
v -1.316929 0.502927 0.212057
v -1.325935 0.467527 0.295174
v 1.225007 0.465477 0.444173
v 1.299432 0.505653 0.344639
v -1.299432 0.505654 0.344639
v -1.225007 0.465477 0.444173
v 1.035183 0.397163 0.440077
v 1.140345 0.487314 0.378092
v -1.140345 0.487314 0.378092
v -1.035184 0.397163 0.440077
v 0.885824 0.324490 0.377848
v 0.942329 0.405382 0.328966
v -0.942329 0.405382 0.328966
v -0.885824 0.324490 0.377848
v 1.038303 0.467936 0.182780
v 0.839410 0.382840 0.136719
v -0.839410 0.382840 0.136719
v -1.038303 0.467936 0.182780
v 1.249566 0.520861 0.252577
v -1.249566 0.520860 0.252577
v 0.807793 0.377447 0.272250
v -0.807793 0.377447 0.272250
v 0.728244 0.350694 -0.011095
v -0.728244 0.350694 -0.011095
v 0.490041 -0.719489 0.186537
v -0.490041 -0.719489 0.186537
v 0.553074 -0.625482 0.160645
v -0.553074 -0.625481 0.160645
v 0.435225 -0.649906 0.044820
v -0.435225 -0.649906 0.044820
v 0.409326 -0.736657 0.107615
v -0.409326 -0.736657 0.107615
v 0.295831 -0.757728 0.107615
v -0.295831 -0.757728 0.107615
v 0.267985 -0.680183 0.044820
v -0.267985 -0.680183 0.044820
v 0.150211 -0.695879 0.160645
v -0.150211 -0.695879 0.160645
v 0.216831 -0.767734 0.186537
v -0.216831 -0.767734 0.186537
v 0.216831 -0.767734 0.299957
v -0.216831 -0.767734 0.299957
v 0.150211 -0.695879 0.325935
v -0.150211 -0.695879 0.325934
v 0.267985 -0.680183 0.443698
v -0.267985 -0.680183 0.443698
v 0.295831 -0.757728 0.380744
v -0.295831 -0.757728 0.380744
v 0.409326 -0.736657 0.380744
v -0.409326 -0.736657 0.380744
v 0.435225 -0.649906 0.443698
v -0.435225 -0.649906 0.443698
v 0.553074 -0.625481 0.325935
v -0.553073 -0.625482 0.325934
v 0.490041 -0.719489 0.299957
v -0.490041 -0.719489 0.299957
v 0.454486 -0.769157 0.286075
v -0.454486 -0.769157 0.286075
v 0.395371 -0.782428 0.346926
v -0.395371 -0.782428 0.346926
v 0.311598 -0.799389 0.346926
v -0.311598 -0.799389 0.346926
v 0.254199 -0.807248 0.286075
v -0.254199 -0.807248 0.286075
v 0.254199 -0.807248 0.202223
v -0.254199 -0.807248 0.202223
v 0.311598 -0.799389 0.144824
v -0.311598 -0.799389 0.144824
v 0.395371 -0.782428 0.144824
v -0.395371 -0.782428 0.144824
v 0.454486 -0.769157 0.202223
v -0.454486 -0.769157 0.202223
v 0.422494 -0.793859 0.214486
v -0.422494 -0.793859 0.214486
v 0.381936 -0.803802 0.174040
v -0.381936 -0.803802 0.174040
v 0.323853 -0.816225 0.174040
v -0.323853 -0.816225 0.174040
v 0.283407 -0.821614 0.214486
v -0.283407 -0.821615 0.214486
v 0.283407 -0.821615 0.272710
v -0.283407 -0.821615 0.272710
v 0.323853 -0.816225 0.315489
v -0.323853 -0.816225 0.315489
v 0.381936 -0.803802 0.315489
v -0.381936 -0.803803 0.315489
v 0.422494 -0.793859 0.272710
v -0.422494 -0.793859 0.272710
v 0.083466 -0.599620 -0.954895
v -0.083466 -0.599620 -0.954895
v 0.221273 -0.585592 -0.936290
v -0.221273 -0.585592 -0.936290
v 0.292562 -0.587538 -0.885708
v -0.292562 -0.587538 -0.885708
v 0.302226 -0.610938 -0.768521
v -0.302226 -0.610938 -0.768521
v 0.276076 -0.631304 -0.567773
v -0.276076 -0.631304 -0.567773
v 0.295484 -0.642072 -0.115736
v -0.295484 -0.642072 -0.115736
v 0.517541 -0.591207 -0.038876
v -0.517541 -0.591207 -0.038876
v 0.694146 -0.554169 0.094872
v -0.694146 -0.554169 0.094872
v 0.780457 -0.574741 0.285516
v -0.780457 -0.574741 0.285516
v 0.741747 -0.646203 0.421882
v -0.741747 -0.646203 0.421882
v 0.579671 -0.704603 0.510939
v -0.579671 -0.704603 0.510939
v 0.392802 -0.758063 0.629445
v -0.392802 -0.758064 0.629446
v 0.250315 -0.789002 0.672221
v -0.250315 -0.789001 0.672221
v 0.134016 -0.795417 0.561011
v -0.134016 -0.795417 0.561011
v 0.043345 -0.785332 0.429640
v -0.043345 -0.785332 0.429640
v 0.180050 -0.804287 0.481635
v -0.180050 -0.804287 0.481635
v 0.273790 -0.794607 0.548140
v -0.273790 -0.794607 0.548140
v 0.380001 -0.770993 0.523933
v -0.380001 -0.770993 0.523933
v 0.538025 -0.725023 0.444197
v -0.538025 -0.725023 0.444197
v 0.663761 -0.673547 0.365262
v -0.663761 -0.673547 0.365261
v 0.681257 -0.638526 0.263994
v -0.681257 -0.638526 0.263994
v 0.612651 -0.636410 0.127323
v -0.612651 -0.636410 0.127323
v 0.469045 -0.667803 0.023512
v -0.469045 -0.667803 0.023512
v 0.278078 -0.728331 -0.008243
v -0.278078 -0.728331 -0.008243
v 0.126433 -0.756531 0.044161
v -0.126433 -0.756531 0.044161
v 0.099575 -0.798777 0.376184
v -0.099575 -0.798777 0.376184
v 0.064185 -0.777106 0.269098
v -0.064185 -0.777106 0.269098
v 0.073018 -0.751911 0.153129
v -0.073018 -0.751911 0.153129
v 0.055613 -0.662659 -0.911699
v -0.055613 -0.662659 -0.911699
v 0.143155 -0.666501 -0.889113
v -0.143155 -0.666501 -0.889113
v 0.181429 -0.683162 -0.822323
v -0.181429 -0.683162 -0.822323
v 0.163971 -0.717679 -0.568682
v -0.163971 -0.717678 -0.568682
v 0.184159 -0.702409 -0.730225
v -0.184159 -0.702409 -0.730225
v 0.042190 -0.745845 -0.381135
v -0.042190 -0.745845 -0.381135
v 0.049554 -0.741123 -0.563076
v -0.049554 -0.741123 -0.563076
v 0.056704 -0.733286 -0.709154
v -0.056704 -0.733286 -0.709154
v 0.107932 -0.767214 -0.253500
v -0.107932 -0.767214 -0.253500
v 0.114855 -0.768273 -0.184421
v -0.114855 -0.768273 -0.184421
v 0.062276 -0.763376 -0.138042
v -0.062276 -0.763376 -0.138042
v 0.010488 -0.768974 -0.160480
v -0.010488 -0.768974 -0.160480
v 0.043889 -0.762474 -0.302908
v -0.043889 -0.762474 -0.302908
v 0.041939 -0.792963 -0.280865
v -0.041939 -0.792963 -0.280865
v 0.022556 -0.803512 -0.165962
v -0.022556 -0.803512 -0.165962
v 0.071031 -0.796838 -0.144960
v -0.071031 -0.796838 -0.144960
v 0.107679 -0.803347 -0.186123
v -0.107679 -0.803347 -0.186123
v 0.099407 -0.801515 -0.243606
v -0.099407 -0.801515 -0.243606
v 0.061994 -0.818119 -0.183869
v -0.061994 -0.818119 -0.183869
v 0.045519 -0.815105 -0.241289
v -0.045519 -0.815105 -0.241289
v 0.057840 -0.755838 -0.086147
v -0.057840 -0.755838 -0.086147
v 0.128620 -0.750233 -0.179667
v -0.128620 -0.750233 -0.179667
v 0.139633 -0.727148 -0.268207
v -0.139633 -0.727148 -0.268207
v 0.139840 -0.725219 -0.376985
v -0.139840 -0.725219 -0.376985
v 0.237081 -0.634213 -0.379429
v -0.237081 -0.634213 -0.379428
v 0.207096 -0.632599 -0.278907
v -0.207096 -0.632599 -0.278907
v 0.185647 -0.657297 -0.194688
v -0.185647 -0.657297 -0.194688
v 0.049291 -0.726772 -0.750197
v -0.049291 -0.726772 -0.750197
v 0.103148 -0.717433 -0.782484
v -0.103148 -0.717433 -0.782484
v 0.081109 -0.698744 -0.850769
v -0.081109 -0.698744 -0.850769
v 0.028283 -0.687642 -0.878513
v -0.028283 -0.687642 -0.878513
v 0.024038 -0.661125 -0.860708
v -0.024038 -0.661125 -0.860708
v 0.069962 -0.669020 -0.835803
v -0.069962 -0.669020 -0.835803
v 0.090552 -0.685093 -0.783635
v -0.090552 -0.685093 -0.783635
v 0.044627 -0.690842 -0.764052
v -0.044627 -0.690842 -0.764052
v 0.034058 -0.648895 -0.810489
v -0.034058 -0.648895 -0.810489
v 0.075754 -0.649704 -0.805564
v -0.075754 -0.649704 -0.805564
v 0.162228 -0.765038 0.181695
v -0.162228 -0.765038 0.181695
v 0.151299 -0.771481 0.258894
v -0.151299 -0.771481 0.258894
v 0.169922 -0.775872 0.347449
v -0.169922 -0.775872 0.347449
v 0.196018 -0.761037 0.122494
v -0.196018 -0.761037 0.122494
v 0.295980 -0.741570 0.069970
v -0.295980 -0.741570 0.069970
v 0.430122 -0.708052 0.063751
v -0.430122 -0.708052 0.063751
v 0.542769 -0.679145 0.138343
v -0.542769 -0.679145 0.138343
v 0.605804 -0.666280 0.242401
v -0.605804 -0.666280 0.242401
v 0.595435 -0.675520 0.328142
v -0.595435 -0.675520 0.328142
v 0.503174 -0.713776 0.391232
v -0.503174 -0.713776 0.391232
v 0.380547 -0.748450 0.436727
v -0.380547 -0.748450 0.436727
v 0.296719 -0.759735 0.450124
v -0.296719 -0.759735 0.450124
v 0.224508 -0.772454 0.419461
v -0.224508 -0.772454 0.419461
v 0.250078 -0.768633 0.387851
v -0.250078 -0.768633 0.387851
v 0.306966 -0.761366 0.413171
v -0.306966 -0.761366 0.413171
v 0.378337 -0.755547 0.405589
v -0.378337 -0.755547 0.405589
v 0.481286 -0.723002 0.368808
v -0.481286 -0.723002 0.368808
v 0.556064 -0.683994 0.313897
v -0.556064 -0.683994 0.313897
v 0.564358 -0.677646 0.243479
v -0.564358 -0.677646 0.243479
v 0.514001 -0.692868 0.157060
v -0.514001 -0.692868 0.157060
v 0.420902 -0.721442 0.094181
v -0.420902 -0.721442 0.094181
v 0.305745 -0.750085 0.097168
v -0.305745 -0.750085 0.097168
v 0.217367 -0.763835 0.140940
v -0.217367 -0.763835 0.140940
v 0.205499 -0.768714 0.331702
v -0.205499 -0.768714 0.331702
v 0.185964 -0.766527 0.260098
v -0.185964 -0.766527 0.260098
v 0.190094 -0.762858 0.193932
v -0.190094 -0.762858 0.193932
v 0.043606 -0.677093 0.453352
v -0.043606 -0.677093 0.453352
v 0.137575 -0.684231 0.582376
v -0.137575 -0.684231 0.582376
v 0.254262 -0.677066 0.694391
v -0.254262 -0.677066 0.694391
v 0.404027 -0.644554 0.644248
v -0.404027 -0.644554 0.644248
v 0.588823 -0.588971 0.523528
v -0.588823 -0.588971 0.523528
v 0.754218 -0.540036 0.438955
v -0.754218 -0.540036 0.438955
v 0.805776 -0.468363 0.285197
v -0.805776 -0.468363 0.285197
v 0.706635 -0.441973 0.073476
v -0.706635 -0.441973 0.073476
v 0.526385 -0.483498 -0.065442
v -0.526385 -0.483498 -0.065442
v 0.075328 -0.305132 -0.504039
v -0.075328 -0.305132 -0.504039
v 0.067244 -0.349264 -0.667792
v -0.067244 -0.349264 -0.667793
v 0.076236 -0.404232 -0.865092
v -0.076236 -0.404233 -0.865092
v 0.085181 -0.506168 -0.963125
v -0.085181 -0.506168 -0.963125
v 0.244266 -0.480406 -0.936729
v -0.244266 -0.480406 -0.936729
v 0.319113 -0.463197 -0.860920
v -0.319113 -0.463197 -0.860920
v 0.308946 -0.471083 -0.697937
v -0.308946 -0.471083 -0.697937
v 0.201257 -0.377797 -0.632792
v -0.201257 -0.377797 -0.632792
v 0.227200 -0.401816 -0.830694
v -0.227200 -0.401816 -0.830694
v 0.196649 -0.356177 -0.458635
v -0.196649 -0.356177 -0.458635
v 0.282979 -0.484751 -0.499498
v -0.282979 -0.484751 -0.499498
v 0.233118 -0.502304 -0.266116
v -0.233118 -0.502304 -0.266116
v 0.253903 -0.488991 -0.350128
v -0.253903 -0.488991 -0.350127
v 0.219944 -0.524375 -0.206557
v -0.219944 -0.524375 -0.206557
v 0.322432 -0.517925 -0.147040
v -0.322432 -0.517925 -0.147040
v 0.165880 0.666301 -0.047906
v -0.165880 0.666300 -0.047906
v 0.155384 0.447129 -0.252370
v -0.155384 0.447129 -0.252370
v 0.125203 0.068659 -0.378636
v -0.125203 0.068659 -0.378636
v 0.095147 -0.217911 -0.434554
v -0.095147 -0.217911 -0.434554
v 0.210631 -0.315757 -0.362224
v -0.210631 -0.315757 -0.362224
v 0.735134 -0.232339 0.090335
v -0.735134 -0.232339 0.090335
v 0.194060 0.746737 0.281515
v -0.194060 0.746737 0.281514
v 0.221100 -0.086985 0.903198
v -0.221100 -0.086985 0.903198
v 0.221093 0.269185 0.905528
v -0.221093 0.269185 0.905528
v 0.221324 0.608568 0.679193
v -0.221324 0.608568 0.679192
v 0.707960 -0.389194 0.431959
v -0.707960 -0.389194 0.431959
v 0.698558 -0.196350 0.530250
v -0.698558 -0.196350 0.530250
v 0.714939 0.033369 0.650316
v -0.714939 0.033369 0.650316
v 0.713998 0.275835 0.637622
v -0.713998 0.275835 0.637622
v 0.701191 0.447765 0.452734
v -0.701191 0.447765 0.452734
v 0.534071 0.523393 0.571838
v -0.534071 0.523393 0.571838
v 0.540524 0.272485 0.795315
v -0.540524 0.272485 0.795315
v 0.540660 -0.006395 0.799425
v -0.540660 -0.006395 0.799425
v 0.540738 -0.250960 0.633409
v -0.540738 -0.250960 0.633409
v 0.558380 -0.440154 0.501942
v -0.558380 -0.440154 0.501942
v 0.223789 -0.371260 0.707947
v -0.223789 -0.371260 0.707947
v 0.279076 -0.600035 0.594031
v -0.279076 -0.600035 0.594031
v 0.264055 -0.535880 0.533733
v -0.264055 -0.535880 0.533733
v 0.043831 -0.594812 0.482234
v -0.043831 -0.594812 0.482234
v 0.783878 -0.305827 0.301693
v -0.783878 -0.305827 0.301693
v 0.803067 -0.115901 0.376510
v -0.803067 -0.115901 0.376510
v 0.813537 0.065614 0.453482
v -0.813537 0.065614 0.453482
v 0.792182 0.278844 0.441368
v -0.792182 0.278844 0.441368
v 0.335332 0.042816 -0.263090
v -0.335332 0.042816 -0.263090
v 0.539466 0.039594 -0.131719
v -0.539466 0.039594 -0.131719
v 0.542417 -0.273223 -0.078372
v -0.542417 -0.273223 -0.078372
v 0.320816 -0.377783 -0.194374
v -0.320816 -0.377783 -0.194374
v 0.280628 -0.242705 -0.279938
v -0.280628 -0.242705 -0.279938
v 0.286245 -0.477754 -0.166731
v -0.286245 -0.477755 -0.166731
v 0.627542 0.492076 0.156363
v -0.627542 0.492076 0.156363
v 0.468543 0.618937 0.215902
v -0.468543 0.618937 0.215902
v 0.541211 0.331983 -0.073111
v -0.541211 0.331983 -0.073111
v 0.383582 0.385386 -0.156565
v -0.383582 0.385386 -0.156565
v 0.380666 0.579610 -0.019135
v -0.380666 0.579610 -0.019135
v 0.965332 0.270264 0.411116
v -0.965332 0.270264 0.411116
v 1.114977 0.356411 0.451860
v -1.114977 0.356411 0.451860
v 1.254327 0.411092 0.381304
v -1.254327 0.411092 0.381304
v 1.270840 0.416484 0.185703
v -1.270840 0.416484 0.185703
v 1.137224 0.367038 0.002981
v -1.137224 0.367038 0.002981
v 0.920197 0.230876 -0.083160
v -0.920197 0.230876 -0.083160
v 0.946455 0.258128 -0.031742
v -0.946455 0.258128 -0.031742
v 1.115618 0.378893 0.035506
v -1.115618 0.378893 0.035506
v 1.221788 0.424981 0.178141
v -1.221788 0.424981 0.178141
v 1.212216 0.419515 0.330539
v -1.212216 0.419515 0.330539
v 1.100179 0.369537 0.386047
v -1.100179 0.369537 0.386047
v 0.978533 0.292145 0.355309
v -0.978533 0.292145 0.355309
v 0.693917 0.083945 -0.044363
v -0.693917 0.083945 -0.044363
v 0.736002 0.155783 -0.086328
v -0.736002 0.155783 -0.086328
v 0.786423 -0.006842 0.128939
v -0.786423 -0.006842 0.128939
v 0.871194 0.221652 0.344740
v -0.871194 0.221652 0.344740
v 0.812723 0.201427 -0.033223
v -0.812724 0.201427 -0.033223
v 0.775182 0.225624 0.004718
v -0.775182 0.225624 0.004718
v 0.786391 0.253464 0.059641
v -0.786391 0.253464 0.059641
v 0.780888 0.235181 0.128708
v -0.780888 0.235181 0.128708
v 0.842017 0.239614 0.226902
v -0.842017 0.239614 0.226902
v 0.900696 0.248793 0.298872
v -0.900696 0.248793 0.298872
v 0.829524 0.167210 0.285890
v -0.829525 0.167210 0.285890
v 0.776391 0.129827 0.140687
v -0.776391 0.129827 0.140687
v 0.726315 0.144003 0.010103
v -0.726315 0.144003 0.010103
v 0.921217 0.305545 0.266846
v -0.921217 0.305545 0.266846
v 0.865167 0.294576 0.204173
v -0.865167 0.294576 0.204173
v 0.803637 0.295256 0.133104
v -0.803637 0.295256 0.133104
v 0.796292 0.296048 0.087965
v -0.796292 0.296048 0.087965
v 0.833621 0.296281 0.049341
v -0.833621 0.296281 0.049341
v 0.830491 0.293275 0.002020
v -0.830491 0.293275 0.002020
v 0.851281 0.269400 -0.015924
v -0.851281 0.269400 -0.015924
v 0.992867 0.351240 0.315682
v -0.992867 0.351240 0.315682
v 1.104784 0.420414 0.341302
v -1.104784 0.420414 0.341302
v 1.206761 0.460324 0.295466
v -1.206761 0.460324 0.295466
v 1.215461 0.462250 0.169271
v -1.215461 0.462250 0.169271
v 1.116811 0.423876 0.049503
v -1.116811 0.423876 0.049503
v 0.964054 0.317739 -0.006595
v -0.964054 0.317739 -0.006595
v 0.876095 0.324995 0.067440
v -0.876095 0.324995 0.067440
v 0.945608 0.345351 0.116869
v -0.945608 0.345350 0.116869
v 1.008433 0.369771 0.177975
v -1.008433 0.369771 0.177975
v 1.069495 0.388269 0.226727
v -1.069495 0.388269 0.226727
v 1.024601 0.380605 0.279867
v -1.024601 0.380605 0.279867
v 0.956207 0.347409 0.231191
v -0.956207 0.347409 0.231191
v 0.897040 0.329664 0.171058
v -0.897041 0.329664 0.171058
v 0.834039 0.320677 0.113681
v -0.834039 0.320677 0.113681
v 0.872938 0.310290 0.013695
v -0.872938 0.310290 0.013695
v 0.966475 0.347510 0.044935
v -0.966475 0.347510 0.044935
v 1.075691 0.411055 0.101729
v -1.075691 0.411055 0.101729
v 1.154072 0.435866 0.183041
v -1.154072 0.435866 0.183041
v 1.156218 0.437955 0.265839
v -1.156218 0.437955 0.265839
v 1.102712 0.426885 0.311813
v -1.102712 0.426885 0.311813
v 0.913177 0.321604 -0.096832
v -0.913178 0.321604 -0.096832
v 1.162332 0.440722 -0.004612
v -1.162332 0.440722 -0.004612
v 1.317280 0.469587 0.186125
v -1.317280 0.469587 0.186125
v 1.293320 0.470767 0.387019
v -1.293320 0.470767 0.387019
v 1.132316 0.438396 0.456662
v -1.132316 0.438396 0.456662
v 0.951796 0.354672 0.412666
v -0.951796 0.354672 0.412665
v 0.930637 0.417382 0.154439
v -0.930637 0.417382 0.154439
v 1.152805 0.504459 0.218970
v -1.152805 0.504459 0.218970
v 1.300265 0.518747 0.271792
v -1.300265 0.518747 0.271792
v 0.837139 0.314129 0.343399
v -0.837139 0.314129 0.343399
v 0.767063 0.391162 0.131054
v -0.767063 0.391162 0.131054
v 0.705187 0.267168 -0.089275
v -0.705187 0.267168 -0.089275