vn 0.0934 0.4693 -0.8781
vn 0.1870 0.9401 0.2852
vn 0.0576 0.2898 -0.9553
vn 0.1942 0.9762 0.0962
vn 0.0195 0.0980 0.9950
vn 0.0195 0.0980 -0.9950
vn 0.1942 0.9762 -0.0962
vn 0.0576 0.2898 0.9553
vn 0.1870 0.9401 -0.2852
vn 0.0934 0.4693 0.8781
vn 0.1728 0.8687 -0.4643
vn 0.1252 0.6294 0.7669
vn 0.1520 0.7640 -0.6270
vn 0.1520 0.7640 0.6270
vn 0.1252 0.6294 -0.7669
vn 0.1728 0.8687 0.4643
vn 0.3565 0.5336 -0.7669
vn 0.4921 0.7364 0.4643
vn 0.2659 0.3979 -0.8781
vn 0.5325 0.7969 0.2852
vn 0.1642 0.2457 -0.9553
vn 0.5530 0.8276 0.0962
vn 0.0555 0.0831 0.9950
vn 0.0555 0.0831 -0.9950
vn 0.5530 0.8276 -0.0962
vn 0.1642 0.2457 0.9553
vn 0.5325 0.7969 -0.2852
vn 0.2659 0.3979 0.8781
vn 0.4921 0.7364 -0.4643
vn 0.3565 0.5336 0.7669
vn 0.4328 0.6477 -0.6270
vn 0.4328 0.6477 0.6270
vn 0.2457 0.1642 0.9553
vn 0.7969 0.5325 -0.2852
vn 0.3979 0.2659 0.8781
vn 0.7364 0.4921 -0.4643
vn 0.5336 0.3565 0.7669
vn 0.6477 0.4328 -0.6270
vn 0.6477 0.4328 0.6270
vn 0.5336 0.3565 -0.7669
vn 0.7364 0.4921 0.4643
vn 0.3979 0.2659 -0.8781
vn 0.7969 0.5325 0.2852
vn 0.2457 0.1642 -0.9553
vn 0.8276 0.5530 0.0962
vn 0.0831 0.0555 0.9950
vn 0.0831 0.0555 -0.9950
vn 0.8276 0.5530 -0.0962
vn 0.8687 0.1728 0.4643
vn 0.4693 0.0934 -0.8781
vn 0.9401 0.1870 0.2852
vn 0.2898 0.0576 -0.9553
vn 0.9762 0.1942 0.0962
vn 0.0980 0.0195 0.9950
vn 0.0980 0.0195 -0.9950
vn 0.9762 0.1942 -0.0962
vn 0.2898 0.0576 0.9553
vn 0.9401 0.1870 -0.2852
vn 0.4693 0.0934 0.8781
vn 0.8687 0.1728 -0.4643
vn 0.6294 0.1252 0.7669
vn 0.7640 0.1520 -0.6270
vn 0.7640 0.1520 0.6270
vn 0.6294 0.1252 -0.7669
vn 0.9401 -0.1870 -0.2852
vn 0.4693 -0.0934 0.8781
vn 0.8687 -0.1728 -0.4643
vn 0.6294 -0.1252 0.7669
vn 0.7640 -0.1520 -0.6270
vn 0.7640 -0.1520 0.6270
vn 0.6294 -0.1252 -0.7669
vn 0.8687 -0.1728 0.4643
vn 0.4693 -0.0934 -0.8781
vn 0.9401 -0.1870 0.2852
vn 0.2898 -0.0576 -0.9553
vn 0.9762 -0.1942 0.0962
vn 0.0980 -0.0195 0.9950
vn 0.0980 -0.0195 -0.9950
vn 0.9762 -0.1942 -0.0962
vn 0.2898 -0.0576 0.9553
vn 0.3979 -0.2659 -0.8781
vn 0.7969 -0.5325 0.2852
vn 0.2457 -0.1642 -0.9553
vn 0.8276 -0.5530 0.0962
vn 0.0831 -0.0555 0.9950
vn 0.0831 -0.0555 -0.9950
vn 0.8276 -0.5530 -0.0962
vn 0.2457 -0.1642 0.9553
vn 0.7969 -0.5325 -0.2852
vn 0.3979 -0.2659 0.8781
vn 0.7364 -0.4921 -0.4643
vn 0.5336 -0.3565 0.7669
vn 0.6477 -0.4328 -0.6270
vn 0.6477 -0.4328 0.6270
vn 0.5336 -0.3565 -0.7669
vn 0.7364 -0.4921 0.4643
vn 0.2659 -0.3979 0.8781
vn 0.4921 -0.7364 -0.4643
vn 0.3565 -0.5336 0.7669
vn 0.4328 -0.6477 -0.6270
vn 0.4328 -0.6477 0.6270
vn 0.3565 -0.5336 -0.7669
vn 0.4921 -0.7364 0.4643
vn 0.2659 -0.3979 -0.8781
vn 0.5325 -0.7969 0.2852
vn 0.1642 -0.2457 -0.9553
vn 0.5530 -0.8276 0.0962
vn 0.0555 -0.0831 0.9950
vn 0.0555 -0.0831 -0.9950
vn 0.5530 -0.8276 -0.0962
vn 0.1642 -0.2457 0.9553
vn 0.5325 -0.7969 -0.2852
vn 0.1870 -0.9401 0.2852
vn 0.0576 -0.2898 -0.9553
vn 0.1942 -0.9762 0.0962
vn 0.0195 -0.0980 0.9950
vn 0.0195 -0.0980 -0.9950
vn 0.1942 -0.9762 -0.0962
vn 0.0576 -0.2898 0.9553
vn 0.1870 -0.9401 -0.2852
vn 0.0934 -0.4693 0.8781
vn 0.1728 -0.8687 -0.4643
vn 0.1252 -0.6294 0.7669
vn 0.1520 -0.7640 -0.6270
vn 0.1520 -0.7640 0.6270
vn 0.1252 -0.6294 -0.7669
vn 0.1728 -0.8687 0.4643
vn 0.0934 -0.4693 -0.8781
vn -0.1728 -0.8687 -0.4643
vn -0.1252 -0.6294 0.7669
vn -0.1520 -0.7640 -0.6270
vn -0.1520 -0.7640 0.6270
vn -0.1252 -0.6294 -0.7669
vn -0.1728 -0.8687 0.4643
vn -0.0934 -0.4693 -0.8781
vn -0.1870 -0.9401 0.2852
vn -0.0576 -0.2898 -0.9553
vn -0.1942 -0.9762 0.0962
vn -0.0195 -0.0980 0.9950
vn -0.0195 -0.0980 -0.9950
vn -0.1942 -0.9762 -0.0962
vn -0.0576 -0.2898 0.9553
vn -0.1870 -0.9401 -0.2852
vn -0.0934 -0.4693 0.8781
vn -0.1642 -0.2457 -0.9553
vn -0.5530 -0.8276 0.0962
vn -0.0555 -0.0831 0.9950
vn -0.0555 -0.0831 -0.9950
vn -0.5530 -0.8276 -0.0962
vn -0.1642 -0.2457 0.9553
vn -0.5325 -0.7969 -0.2852
vn -0.2659 -0.3979 0.8781
vn -0.4921 -0.7364 -0.4643
vn -0.3565 -0.5336 0.7669
vn -0.4328 -0.6477 -0.6270
vn -0.4328 -0.6477 0.6270
vn -0.3565 -0.5336 -0.7669
vn -0.4921 -0.7364 0.4643
vn -0.2659 -0.3979 -0.8781
vn -0.5325 -0.7969 0.2852
vn -0.6477 -0.4328 -0.6270
vn -0.6477 -0.4328 0.6270
vn -0.5336 -0.3565 -0.7669
vn -0.7364 -0.4921 0.4643
vn -0.3979 -0.2659 -0.8781
vn -0.7969 -0.5325 0.2852
vn -0.2457 -0.1642 -0.9553
vn -0.8276 -0.5530 0.0962
vn -0.0831 -0.0555 0.9950
vn -0.0831 -0.0555 -0.9950
vn -0.8276 -0.5530 -0.0962
vn -0.2457 -0.1642 0.9553
vn -0.7969 -0.5325 -0.2852
vn -0.3979 -0.2659 0.8781
vn -0.7364 -0.4921 -0.4643
vn -0.5336 -0.3565 0.7669
vn -0.0980 -0.0195 0.9950
vn -0.0980 -0.0195 -0.9950
vn -0.9762 -0.1942 -0.0962
vn -0.2898 -0.0576 0.9553
vn -0.9401 -0.1870 -0.2852
vn -0.4693 -0.0934 0.8781
vn -0.8687 -0.1728 -0.4643
vn -0.6294 -0.1252 0.7669
vn -0.7640 -0.1520 -0.6270
vn -0.7640 -0.1520 0.6270
vn -0.6294 -0.1252 -0.7669
vn -0.8687 -0.1728 0.4643
vn -0.4693 -0.0934 -0.8781
vn -0.9401 -0.1870 0.2852
vn -0.2898 -0.0576 -0.9553
vn -0.9762 -0.1942 0.0962
vn -0.7640 0.1520 0.6270
vn -0.6294 0.1252 -0.7669
vn -0.8687 0.1728 0.4643
vn -0.4693 0.0934 -0.8781
vn -0.9401 0.1870 0.2852
vn -0.2898 0.0576 -0.9553
vn -0.9762 0.1942 0.0962
vn -0.0980 0.0195 0.9950
vn -0.0980 0.0195 -0.9950
vn -0.9762 0.1942 -0.0962
vn -0.2898 0.0576 0.9553
vn -0.9401 0.1870 -0.2852
vn -0.4693 0.0934 0.8781
vn -0.8687 0.1728 -0.4643
vn -0.6294 0.1252 0.7669
vn -0.7640 0.1520 -0.6270
vn -0.8276 0.5530 -0.0962
vn -0.2457 0.1642 0.9553
vn -0.7969 0.5325 -0.2852
vn -0.3979 0.2659 0.8781
vn -0.7364 0.4921 -0.4643
vn -0.5336 0.3565 0.7669
vn -0.6477 0.4328 -0.6270
vn -0.6477 0.4328 0.6270
vn -0.5336 0.3565 -0.7669
vn -0.7364 0.4921 0.4643
vn -0.3979 0.2659 -0.8781
vn -0.7969 0.5325 0.2852
vn -0.2457 0.1642 -0.9553
vn -0.8276 0.5530 0.0962
vn -0.0831 0.0555 0.9950
vn -0.0831 0.0555 -0.9950
vn -0.3565 0.5336 -0.7669
vn -0.4921 0.7364 0.4643
vn -0.2659 0.3979 -0.8781
vn -0.5325 0.7969 0.2852
vn -0.1642 0.2457 -0.9553
vn -0.5530 0.8276 0.0962
vn -0.0555 0.0831 0.9950
vn -0.0555 0.0831 -0.9950
vn -0.5530 0.8276 -0.0962
vn -0.1642 0.2457 0.9553
vn -0.5325 0.7969 -0.2852
vn -0.2659 0.3979 0.8781
vn -0.4921 0.7364 -0.4643
vn -0.3565 0.5336 0.7669
vn -0.4328 0.6477 -0.6270
vn -0.4328 0.6477 0.6270
vn -0.0576 0.2898 0.9553
vn -0.1870 0.9401 -0.2852
vn -0.0934 0.4693 0.8781
vn -0.1728 0.8687 -0.4643
vn -0.1252 0.6294 0.7669
vn -0.1520 0.7640 -0.6270
vn -0.1520 0.7640 0.6270
vn -0.1252 0.6294 -0.7669
vn -0.1728 0.8687 0.4643
vn -0.0934 0.4693 -0.8781
vn -0.1870 0.9401 0.2852
vn -0.0576 0.2898 -0.9553
vn -0.1942 0.9762 0.0962
vn -0.0195 0.0980 0.9950
vn -0.0195 0.0980 -0.9950
vn -0.1942 0.9762 -0.0962