vn 0.0877 -0.1089 0.9902
vn -0.0770 -0.1586 0.9843
vn -0.0512 -0.1616 0.9855
vn 0.1254 -0.1145 0.9855
vn 0.2252 -0.0482 0.9731
vn 0.2070 -0.0515 0.9770
vn 0.0344 -0.0774 0.9964
vn -0.1564 -0.1846 0.9703
vn -0.1369 -0.1731 0.9753
vn -0.1225 -0.1324 0.9836
vn 0.0051 -0.1117 0.9937
vn 0.1594 -0.0891 0.9832
vn 0.2279 -0.0761 0.9707
vn 0.2519 -0.0200 0.9676
vn 0.2565 -0.0258 0.9662
vn 0.2602 -0.0479 0.9644
vn 0.1387 -0.0480 0.9892
vn -0.0167 -0.0688 0.9975
vn -0.1021 -0.1077 0.9889
vn -0.1340 -0.1802 0.9745
vn -0.1446 -0.1690 0.9750
vn -0.1680 -0.1297 0.9772
vn -0.1450 -0.0587 0.9877
vn -0.0997 -0.0123 0.9949
vn 0.0061 0.0151 0.9999
vn 0.1320 0.0329 0.9907
vn 0.1841 0.0139 0.9828
vn 0.1863 -0.0280 0.9821
vn 0.1678 -0.0272 0.9854
vn 0.1855 -0.0257 0.9823
vn 0.1995 -0.0770 0.9769
vn 0.2216 -0.1088 0.9690
vn 0.2358 -0.1026 0.9664
vn 0.1819 -0.0978 0.9784
vn 0.0655 -0.1037 0.9924
vn -0.0297 -0.1446 0.9890
vn -0.0866 -0.1371 0.9868
vn -0.1385 -0.1701 0.9757
vn 0.0531 -0.1857 0.9812
vn 0.0428 -0.2169 0.9753
vn -0.0458 -0.0693 0.9965
vn -0.0931 0.1332 0.9867
vn -0.0866 0.1815 0.9796
vn -0.0931 0.1877 0.9778
vn -0.0508 0.1843 0.9816
vn 0.0658 0.1874 0.9801
vn 0.0934 0.2025 0.9748
vn 0.0804 0.1791 0.9805
vn -0.0119 0.0682 0.9976
vn -0.0698 0.0205 0.9974
vn -0.1010 -0.0224 0.9946
vn -0.0771 -0.0617 0.9951
vn 0.0515 -0.1859 0.9812
vn 0.1075 -0.2207 0.9694
vn 0.1643 -0.2471 0.9550
vn 0.1792 -0.2630 0.9480
vn 0.1476 -0.2443 0.9584
vn 0.0839 -0.2268 0.9703
vn 0.0561 -0.2386 0.9695
vn 0.0264 -0.2937 0.9555
vn 0.0568 -0.2777 0.9590
vn 0.0685 -0.2412 0.9681
vn 0.3676 -0.2098 0.9060
vn 0.3683 -0.1654 0.9149
vn 0.3057 -0.0439 0.9511
vn 0.1311 0.3281 0.9355
vn 0.1035 0.4504 0.8868
vn 0.0712 0.4707 0.8794
vn 0.0178 0.4697 0.8826
vn -0.0220 0.4247 0.9051
vn -0.0152 0.3872 0.9219
vn 0.0299 0.3747 0.9266
vn -0.0423 0.3785 0.9246
vn -0.0641 0.4077 0.9108
vn -0.2698 0.2856 0.9196
vn -0.3985 0.1537 0.9042
vn -0.3955 0.0895 0.9141
vn -0.3542 -0.0395 0.9343
vn -0.3066 -0.0265 0.9515
vn -0.2335 -0.2043 0.9506
vn -0.1508 -0.3652 0.9186
vn -0.0813 -0.4291 0.8996
vn 0.0444 -0.4485 0.8927
vn 0.1323 -0.4259 0.8950
vn 0.1336 -0.3876 0.9121
vn 0.1075 -0.3671 0.9240
vn 0.0955 -0.3571 0.9292
vn 0.1252 -0.3295 0.9358
vn 0.1500 -0.3443 0.9268
vn 0.2174 -0.3631 0.9060
vn 0.2887 -0.3630 0.8859
vn 0.3334 -0.3463 0.8769
vn 0.6866 -0.1794 0.7045
vn 0.7074 -0.1282 0.6951
vn 0.7091 -0.0163 0.7049
vn 0.5334 0.3811 0.7551
vn 0.2807 0.6201 0.7326
vn 0.2370 0.6405 0.7304
vn 0.1880 0.6713 0.7169
vn 0.1425 0.6377 0.7570
vn 0.0622 0.5938 0.8022
vn 0.0193 0.5395 0.8417
vn 0.0125 0.5083 0.8611
vn -0.0680 0.5000 0.8634
vn -0.1503 0.4626 0.8737
vn -0.2903 0.4614 0.8383
vn -0.4643 0.3711 0.8042
vn -0.5292 0.2275 0.8174
vn -0.5710 0.1930 0.7979
vn -0.5837 0.1098 0.8045
vn -0.5064 0.0517 0.8607
vn -0.4875 -0.1632 0.8577
vn -0.4275 -0.3763 0.8220
vn -0.3143 -0.5193 0.7947
vn -0.2493 -0.5769 0.7778
vn -0.1645 -0.5976 0.7848
vn -0.0417 -0.5848 0.8101
vn 0.0542 -0.5471 0.8353
vn 0.0800 -0.4907 0.8677
vn 0.1088 -0.4476 0.8876
vn 0.1086 -0.4371 0.8928
vn 0.1373 -0.3945 0.9086
vn 0.1735 -0.3521 0.9197
vn 0.2399 -0.3291 0.9133
vn 0.3461 -0.3190 0.8823
vn 0.4367 -0.3216 0.8402
vn 0.5724 -0.2788 0.7711
vn 0.7238 -0.0937 0.6837
vn 0.7597 -0.0625 0.6473
vn 0.8009 0.0335 0.5978
vn 0.7749 0.2919 0.5606
vn 0.5753 0.5334 0.6200
vn 0.3353 0.6562 0.6760
vn 0.2573 0.6911 0.6754
vn 0.2261 0.7033 0.6740
vn 0.2314 0.6879 0.6879
vn 0.1581 0.6705 0.7248
vn 0.0989 0.6385 0.7633
vn 0.0317 0.5928 0.8047
vn -0.0631 0.5732 0.8170
vn -0.1268 0.5608 0.8182
vn -0.2603 0.4979 0.8272
vn -0.4001 0.4435 0.8020
vn -0.4715 0.3831 0.7943
vn -0.5824 0.2440 0.7754
vn -0.6682 0.1705 0.7242
vn -0.7053 0.1437 0.6942
vn -0.6843 0.1401 0.7156
vn -0.6952 -0.0911 0.7130
vn -0.6798 -0.3141 0.6628
vn -0.5816 -0.4256 0.6933
vn -0.4309 -0.5731 0.6971
vn -0.3230 -0.6057 0.7272
vn -0.2500 -0.6432 0.7237
vn -0.1830 -0.6659 0.7232
vn -0.0644 -0.6625 0.7463
vn -0.0204 -0.6242 0.7810
vn 0.0086 -0.5543 0.8323
vn 0.0965 -0.5065 0.8568
vn 0.0954 -0.4853 0.8691
vn 0.1253 -0.4643 0.8768
vn 0.1947 -0.4202 0.8863
vn 0.2710 -0.3737 0.8871
vn 0.3832 -0.2795 0.8804
vn 0.4677 -0.2692 0.8419
vn 0.5528 -0.2277 0.8016
vn 0.6622 -0.1517 0.7338
vn 0.7360 -0.0507 0.6750
vn 0.7688 -0.0139 0.6393
vn 0.7906 0.0611 0.6093
vn 0.7658 0.2426 0.5955
vn 0.7021 0.3879 0.5972
vn 0.5481 0.5577 0.6233
vn 0.3438 0.6825 0.6450
vn 0.2646 0.7034 0.6597
vn 0.2400 0.6970 0.6757
vn 0.2333 0.6786 0.6965
vn 0.2032 0.6855 0.6991
vn 0.1349 0.6818 0.7189
vn 0.0934 0.6843 0.7232
vn -0.0213 0.6597 0.7512
vn -0.1000 0.6196 0.7785
vn -0.2272 0.5800 0.7823
vn -0.4072 0.5432 0.7342
vn -0.4956 0.4959 0.7131
vn -0.6232 0.4289 0.6540
vn -0.7342 0.2830 0.6171
vn -0.7961 0.1697 0.5808
vn -0.7938 0.1686 0.5843
vn -0.7695 0.1926 0.6090
vn -0.7759 0.0316 0.6301
vn -0.7558 -0.2512 0.6047
vn -0.7127 -0.3139 0.6273
vn -0.6346 -0.4520 0.6269
vn -0.5313 -0.5589 0.6367
vn -0.4237 -0.6263 0.6544
vn -0.3068 -0.6932 0.6522
vn -0.2544 -0.7043 0.6628
vn -0.1953 -0.6913 0.6957
vn -0.0986 -0.6643 0.7410
vn -0.0889 -0.6220 0.7779
vn -0.0324 -0.6035 0.7967
vn 0.0822 -0.5500 0.8311
vn 0.1117 -0.5459 0.8303
vn 0.1858 -0.5570 0.8095
vn 0.2452 -0.5319 0.8105
vn 0.2972 -0.4592 0.8371
vn 0.4238 -0.3564 0.8327
vn 0.5383 -0.2708 0.7980
vn 0.5577 -0.2484 0.7920
vn 0.6464 -0.1296 0.7519
vn 0.6963 -0.0911 0.7119
vn 0.7407 0.0123 0.6717
vn 0.7759 0.0307 0.6301
vn 0.8035 0.0910 0.5883
vn 0.8039 0.2205 0.5524
vn 0.7494 0.3664 0.5515
vn 0.6736 0.4956 0.5483
vn 0.5080 0.6429 0.5733
vn 0.3621 0.7066 0.6080
vn 0.2972 0.7208 0.6262
vn 0.2926 0.6889 0.6632
vn 0.2513 0.6744 0.6943
vn 0.2035 0.6658 0.7179
vn 0.1625 0.6235 0.7648
vn 0.0732 0.6340 0.7699
vn -0.0231 0.6828 0.7303
vn -0.0882 0.7043 0.7044
vn -0.2572 0.6668 0.6994
vn -0.4291 0.5834 0.6896
vn -0.5398 0.4944 0.6813
vn -0.6470 0.4542 0.6125
vn -0.7387 0.3605 0.5696
vn -0.8106 0.2591 0.5251
vn -0.8243 0.2016 0.5291
vn -0.8090 0.1983 0.5533
vn -0.8045 0.2134 0.5543
vn -0.8176 0.0356 0.5747
vn -0.7793 -0.2053 0.5921
vn -0.7404 -0.2888 0.6070
vn -0.6882 -0.3905 0.6115
vn -0.5770 -0.5450 0.6084
vn -0.5080 -0.5952 0.6226
vn -0.3999 -0.6662 0.6295
vn -0.3164 -0.6792 0.6622
vn -0.2755 -0.6711 0.6883
vn -0.2402 -0.6618 0.7101
vn -0.1451 -0.6403 0.7543
vn -0.0973 -0.6432 0.7595
vn -0.0535 -0.6579 0.7512
vn 0.0571 -0.6339 0.7713
vn 0.1609 -0.6228 0.7657
vn 0.2357 -0.6091 0.7572
vn 0.2636 -0.6212 0.7379
vn 0.3197 -0.6156 0.7203
vn 0.4688 -0.5065 0.7236
vn 0.5967 -0.3378 0.7279
vn 0.6079 -0.3038 0.7336
vn 0.6287 -0.2283 0.7434
vn 0.6736 -0.0743 0.7354
vn 0.7032 -0.0360 0.7101
vn 0.7262 0.0550 0.6852
vn 0.7576 0.1018 0.6447
vn 0.7986 0.1514 0.5825
vn 0.8053 0.2590 0.5333
vn 0.7822 0.3702 0.5011
vn 0.7362 0.4752 0.4819
vn 0.6372 0.5953 0.4895
vn 0.4933 0.7064 0.5076
vn 0.3801 0.7498 0.5416
vn 0.3562 0.7287 0.5849
vn 0.3382 0.7077 0.6204
vn 0.2831 0.7053 0.6499
vn 0.2751 0.6955 0.6638
vn 0.1519 0.7179 0.6794
vn -0.0251 0.7184 0.6952
vn -0.0962 0.6950 0.7126
vn -0.1850 0.7168 0.6723
vn -0.3332 0.7158 0.6137
vn -0.4175 0.6819 0.6006
vn -0.5594 0.5241 0.6422
vn -0.6605 0.4395 0.6087
vn -0.7152 0.3423 0.6093
vn -0.7924 0.2313 0.5645
vn -0.8198 0.1971 0.5377
vn -0.8088 0.2202 0.5452
vn -0.7668 0.2321 0.5985
vn -0.7908 0.1306 0.5979
vn -0.8233 -0.0762 0.5625
vn -0.7753 -0.2278 0.5891
vn -0.7475 -0.3242 0.5798
vn -0.6916 -0.4397 0.5730
vn -0.6068 -0.5495 0.5743
vn -0.5355 -0.5786 0.6152
vn -0.4234 -0.6463 0.6349
vn -0.3627 -0.6582 0.6597
vn -0.2776 -0.6618 0.6964
vn -0.2742 -0.6608 0.6986
vn -0.1935 -0.6842 0.7032
vn -0.1067 -0.7067 0.6994
vn -0.0650 -0.7076 0.7036
vn 0.0021 -0.6958 0.7182
vn 0.1685 -0.6639 0.7285
vn 0.2077 -0.6677 0.7149
vn 0.2607 -0.6062 0.7514
vn 0.3724 -0.5785 0.7257
vn 0.4592 -0.6134 0.6425
vn 0.5638 -0.5332 0.6307
vn 0.6002 -0.3898 0.6985
vn 0.6227 -0.3138 0.7167
vn 0.6696 -0.2308 0.7059
vn 0.6918 -0.0750 0.7182
vn 0.7005 -0.0026 0.7136
vn 0.7650 0.1021 0.6359
vn 0.7536 0.1376 0.6428
vn 0.7599 0.2110 0.6149
vn 0.7738 0.2722 0.5720
vn 0.7500 0.3423 0.5660
vn 0.6920 0.4348 0.5763
vn 0.6263 0.5597 0.5427
vn 0.5640 0.6674 0.4863
vn 0.4780 0.7099 0.5173
vn 0.4097 0.6957 0.5900
vn 0.3750 0.6848 0.6248
vn 0.3184 0.7359 0.5975
vn 0.2831 0.7753 0.5646
vn 0.2341 0.8103 0.5372
vn 0.1052 0.8719 0.4782
vn 0.0122 0.8786 0.4774
vn -0.1725 0.8743 0.4538
vn -0.3224 0.8538 0.4087
vn -0.4299 0.8074 0.4042
vn -0.5223 0.7726 0.3609
vn -0.6618 0.6820 0.3112
vn -0.7856 0.5474 0.2885
vn -0.8192 0.4782 0.3165
vn -0.9016 0.3006 0.3111
vn -0.9014 0.2482 0.3549
vn -0.8800 0.2583 0.3985
vn -0.8122 0.3409 0.4735
vn -0.7874 0.2057 0.5811
vn -0.7981 -0.0391 0.6012
vn -0.7929 -0.1207 0.5973
vn -0.7360 -0.2534 0.6277
vn -0.7004 -0.3622 0.6150
vn -0.6482 -0.4637 0.6040
vn -0.5993 -0.5475 0.5840
vn -0.5739 -0.6026 0.5545
vn -0.4724 -0.6815 0.5589
vn -0.4324 -0.6966 0.5725
vn -0.3830 -0.6988 0.6041
vn -0.2970 -0.6881 0.6621
vn -0.2076 -0.7032 0.6800
vn -0.1140 -0.7137 0.6911
vn -0.0662 -0.7308 0.6794
vn -0.0576 -0.7416 0.6684
vn 0.1330 -0.7265 0.6742
vn 0.2314 -0.7121 0.6628
vn 0.2111 -0.7219 0.6590
vn 0.3885 -0.6565 0.6466
vn 0.4993 -0.5805 0.6432
vn 0.5330 -0.5652 0.6297
vn 0.5595 -0.5421 0.6270
vn 0.6331 -0.4254 0.6467
vn 0.6791 -0.3081 0.6662
vn 0.7006 -0.2253 0.6770
vn 0.7188 -0.0926 0.6890
vn 0.7291 0.0258 0.6839
vn 0.8087 0.0923 0.5809
vn 0.7862 0.1308 0.6040
vn 0.7719 0.2256 0.5944
vn 0.7514 0.3052 0.5850
vn 0.7706 0.3362 0.5415
vn 0.7404 0.4145 0.5292
vn 0.6200 0.5845 0.5234
vn 0.5355 0.6895 0.4876
vn 0.5491 0.6880 0.4746
vn 0.5226 0.6863 0.5058
vn 0.4334 0.7204 0.5415
vn 0.2779 0.8092 0.5176
vn 0.2754 0.8402 0.4672
vn 0.2274 0.8669 0.4436
vn 0.0749 0.9281 0.3647
vn -0.0638 0.9691 0.2385
vn -0.1751 0.9800 0.0949
vn -0.3321 0.9431 0.0159
vn -0.3724 0.9280 0.0114
vn -0.5344 0.8452 0.0092
vn -0.6367 0.7710 -0.0137
vn -0.7490 0.6623 -0.0188
vn -0.8001 0.5994 0.0219
vn -0.8734 0.4869 -0.0112
vn -0.9294 0.3691 -0.0060
vn -0.9338 0.3532 0.0563
vn -0.9269 0.3580 0.1123
vn -0.8700 0.4522 0.1968
vn -0.9313 0.2952 0.2134
vn -0.9380 0.0147 0.3462
vn -0.9091 -0.0988 0.4046
vn -0.8693 -0.2402 0.4321
vn -0.7931 -0.3932 0.4651
vn -0.7416 -0.4793 0.4694
vn -0.6249 -0.5950 0.5055
vn -0.5783 -0.6425 0.5028
vn -0.5362 -0.6612 0.5247
vn -0.4501 -0.6900 0.5669
vn -0.4258 -0.7227 0.5444
vn -0.4123 -0.7405 0.5307
vn -0.3130 -0.7973 0.5161
vn -0.1915 -0.8519 0.4875
vn -0.0851 -0.8709 0.4841
vn -0.0247 -0.8782 0.4777
vn 0.0669 -0.9050 0.4200
vn 0.2569 -0.8784 0.4030
vn 0.2746 -0.8595 0.4311
vn 0.3924 -0.8381 0.3789
vn 0.5374 -0.7746 0.3335
vn 0.5686 -0.7237 0.3910
vn 0.6399 -0.6507 0.4089
vn 0.6761 -0.6111 0.4115
vn 0.7592 -0.4994 0.4173
vn 0.7689 -0.4147 0.4866
vn 0.8021 -0.2762 0.5295
vn 0.8240 -0.1140 0.5550
vn 0.8264 0.0513 0.5608
vn 0.9514 0.0450 0.3047
vn 0.9338 0.1445 0.3272
vn 0.9111 0.2595 0.3202
vn 0.8730 0.3641 0.3246
vn 0.8447 0.4518 0.2869
vn 0.8436 0.4910 0.2172
vn 0.7482 0.6350 0.1923
vn 0.6334 0.7458 0.2062
vn 0.5895 0.7702 0.2433
vn 0.6051 0.7677 0.2111
vn 0.5512 0.8062 0.2148
vn 0.3743 0.8989 0.2278
vn 0.2684 0.9305 0.2495
vn 0.2327 0.9481 0.2169
vn 0.0527 0.9942 0.0938
vn -0.0891 0.9957 0.0235
vn -0.2044 0.9786 0.0223
vn -0.3215 0.9467 0.0183
vn -0.3739 0.9271 -0.0261
vn -0.4222 0.9044 -0.0617
vn -0.5739 0.8166 -0.0618
vn -0.6474 0.7607 -0.0459
vn -0.7407 0.6709 -0.0359
vn -0.8347 0.5499 -0.0288
vn -0.9058 0.4204 -0.0539
vn -0.9198 0.3910 -0.0322
vn -0.9257 0.3765 -0.0353
vn -0.9132 0.4067 -0.0247
vn -0.9119 0.4059 -0.0607
vn -0.9461 0.2888 -0.1465
vn -0.9850 0.1278 -0.1163
vn -0.9948 -0.0691 -0.0742
vn -0.9732 -0.2212 -0.0624
vn -0.9227 -0.3851 -0.0196
vn -0.8780 -0.4774 0.0362
vn -0.8021 -0.5869 0.1109
vn -0.7219 -0.6597 0.2088
vn -0.6813 -0.6601 0.3163
vn -0.5692 -0.7279 0.3822
vn -0.4394 -0.8028 0.4030
vn -0.4084 -0.8370 0.3643
vn -0.3054 -0.9206 0.2435
vn -0.1855 -0.9751 0.1214
vn -0.1492 -0.9855 0.0804
vn -0.0338 -0.9969 0.0710
vn 0.0482 -0.9972 0.0572
vn 0.1968 -0.9799 0.0334
vn 0.2650 -0.9635 0.0385
vn 0.3570 -0.9316 0.0678
vn 0.5293 -0.8474 0.0425
vn 0.5614 -0.8274 0.0169
vn 0.6297 -0.7765 0.0234
vn 0.7070 -0.7069 0.0218
vn 0.7542 -0.6554 0.0404
vn 0.8101 -0.5807 0.0801
vn 0.8565 -0.4989 0.1320
vn 0.9177 -0.3537 0.1809
vn 0.9606 -0.1727 0.2177
vn 0.9638 -0.0036 0.2665
vn 0.9978 0.0308 -0.0594
vn 0.9882 0.1361 -0.0701
vn 0.9651 0.2564 -0.0529
vn 0.9230 0.3786 -0.0688
vn 0.8641 0.4986 -0.0682
vn 0.8381 0.5343 -0.1102
vn 0.7706 0.6287 -0.1042
vn 0.6903 0.7182 -0.0879
vn 0.6267 0.7777 -0.0492
vn 0.6002 0.7986 -0.0454
vn 0.5824 0.8115 -0.0477
vn 0.4310 0.8989 -0.0790
vn 0.3125 0.9472 -0.0717
vn 0.1923 0.9788 -0.0706
vn -0.0180 0.9920 -0.1253
vn -0.0735 0.9834 -0.1661
vn -0.0997 0.9833 -0.1523
vn -0.2550 0.9616 -0.1014
vn -0.3996 0.9106 -0.1057
vn -0.4219 0.8997 -0.1120
vn -0.5172 0.8464 -0.1272
vn -0.6357 0.7593 -0.1391
vn -0.6977 0.6960 -0.1695
vn -0.7854 0.5914 -0.1825
vn -0.8557 0.4883 -0.1714
vn -0.9014 0.4075 -0.1464
vn -0.9145 0.3867 -0.1191
vn -0.9237 0.3705 -0.0973
vn -0.9193 0.3779 -0.1099
vn -0.9487 0.2794 -0.1479
vn -0.9643 0.1723 -0.2013
vn -0.9669 0.0073 -0.2550
vn -0.9485 -0.1453 -0.2815
vn -0.9206 -0.2552 -0.2957
vn -0.9023 -0.3428 -0.2615
vn -0.8722 -0.4466 -0.1995
vn -0.8268 -0.5482 -0.1262
vn -0.7862 -0.6141 -0.0690
vn -0.7308 -0.6812 -0.0440
vn -0.5922 -0.8055 -0.0224
vn -0.4498 -0.8931 0.0089
vn -0.3152 -0.9489 -0.0135
vn -0.1752 -0.9833 -0.0492
vn -0.1535 -0.9873 -0.0415
vn -0.0881 -0.9935 -0.0722
vn -0.0117 -0.9956 -0.0935
vn 0.0816 -0.9945 -0.0658
vn 0.2285 -0.9712 -0.0678
vn 0.2597 -0.9618 -0.0863
vn 0.3858 -0.9185 -0.0872
vn 0.5584 -0.8261 -0.0762
vn 0.5870 -0.8036 -0.0984
vn 0.6461 -0.7535 -0.1211
vn 0.7041 -0.6984 -0.1289
vn 0.7432 -0.6510 -0.1544
vn 0.7867 -0.5977 -0.1546
vn 0.8446 -0.5173 -0.1382
vn 0.9218 -0.3684 -0.1204
vn 0.9727 -0.2070 -0.1047
vn 0.9965 -0.0433 -0.0711
vn 0.9809 0.0305 -0.1922
vn 0.9605 0.1517 -0.2332
vn 0.9296 0.2641 -0.2571
vn 0.8895 0.3723 -0.2648
vn 0.8374 0.4848 -0.2525
vn 0.8201 0.5193 -0.2404
vn 0.7519 0.5997 -0.2738
vn 0.6742 0.6823 -0.2827
vn 0.6239 0.7326 -0.2721
vn 0.5860 0.7694 -0.2542
vn 0.5448 0.8054 -0.2337
vn 0.3801 0.8902 -0.2512
vn 0.3131 0.9177 -0.2447
vn 0.1780 0.9468 -0.2682
vn -0.0122 0.9703 -0.2416
vn -0.0951 0.9661 -0.2399
vn -0.1075 0.9640 -0.2431
vn -0.2594 0.9228 -0.2850
vn -0.3555 0.9002 -0.2515
vn -0.4044 0.8926 -0.1993
vn -0.5328 0.8208 -0.2060
vn -0.6373 0.7378 -0.2225
vn -0.7084 0.6670 -0.2309
vn -0.7854 0.5640 -0.2551
vn -0.8395 0.4709 -0.2713
vn -0.8622 0.4386 -0.2533
vn -0.8792 0.4161 -0.2321
vn -0.8930 0.3968 -0.2124
vn -0.9097 0.3534 -0.2180
vn -0.9362 0.2549 -0.2421
vn -0.9572 0.1330 -0.2570
vn -0.9583 -0.0216 -0.2848
vn -0.9406 -0.1691 -0.2943
vn -0.9197 -0.2592 -0.2951
vn -0.9013 -0.3079 -0.3046
vn -0.8849 -0.3813 -0.2676
vn -0.8268 -0.5083 -0.2408
vn -0.7578 -0.6008 -0.2546
vn -0.6933 -0.6643 -0.2794
vn -0.5974 -0.7562 -0.2669
vn -0.4742 -0.8511 -0.2255
vn -0.3340 -0.9228 -0.1921
vn -0.2260 -0.9660 -0.1256
vn -0.1459 -0.9846 -0.0960
vn -0.0546 -0.9899 -0.1308
vn -0.0437 -0.9944 -0.0958
vn 0.0747 -0.9928 -0.0935
vn 0.2415 -0.9661 -0.0913
vn 0.2826 -0.9537 -0.1028
vn 0.3858 -0.9113 -0.1436
vn 0.5462 -0.8263 -0.1377
vn 0.5972 -0.7920 -0.1266
vn 0.6621 -0.7286 -0.1754
vn 0.7221 -0.6559 -0.2199
vn 0.7488 -0.6212 -0.2310
vn 0.7778 -0.5787 -0.2453
vn 0.8189 -0.5189 -0.2451
vn 0.8972 -0.3734 -0.2357
vn 0.9516 -0.2289 -0.2048
vn 0.9729 -0.0486 -0.2260
vn 0.9480 0.0324 -0.3167
vn 0.9150 0.1965 -0.3524
vn 0.8916 0.2667 -0.3659
vn 0.8655 0.3461 -0.3622
vn 0.7917 0.4657 -0.3954
vn 0.7582 0.5211 -0.3919
vn 0.6608 0.6097 -0.4377
vn 0.6540 0.6377 -0.4070
vn 0.6201 0.6908 -0.3719
vn 0.6129 0.7227 -0.3195
vn 0.5620 0.7735 -0.2929
vn 0.3823 0.8713 -0.3077
vn 0.2758 0.9010 -0.3349
vn 0.1638 0.9157 -0.3669
vn 0.0175 0.9476 -0.3190
vn -0.0775 0.9589 -0.2728
vn -0.1202 0.9608 -0.2498
vn -0.2565 0.9347 -0.2459
vn -0.2978 0.9347 -0.1941
vn -0.3934 0.9001 -0.1871
vn -0.5337 0.8283 -0.1706
vn -0.6560 0.7355 -0.1694
vn -0.7273 0.6614 -0.1831
vn -0.8075 0.5607 -0.1834
vn -0.8561 0.4879 -0.1705
vn -0.8790 0.4436 -0.1751
vn -0.8897 0.4152 -0.1900
vn -0.9016 0.3863 -0.1945
vn -0.9188 0.3215 -0.2292
vn -0.9359 0.2453 -0.2530
vn -0.9569 0.1190 -0.2650
vn -0.9549 -0.0355 -0.2947
vn -0.9414 -0.1502 -0.3019
vn -0.9184 -0.2655 -0.2932
vn -0.9031 -0.3089 -0.2984
vn -0.8743 -0.3594 -0.3262
vn -0.7962 -0.4893 -0.3559
vn -0.7334 -0.5864 -0.3440
vn -0.6772 -0.6533 -0.3384
vn -0.6173 -0.7171 -0.3235
vn -0.4726 -0.8227 -0.3160
vn -0.3534 -0.8805 -0.3161
vn -0.2542 -0.9217 -0.2931
vn -0.1318 -0.9465 -0.2945
vn -0.0658 -0.9567 -0.2834
vn -0.0768 -0.9665 -0.2451
vn 0.0898 -0.9674 -0.2370
vn 0.2120 -0.9494 -0.2319
vn 0.3225 -0.9201 -0.2221
vn 0.4058 -0.8645 -0.2966
vn 0.5052 -0.8115 -0.2935
vn 0.5963 -0.7639 -0.2466
vn 0.6931 -0.6703 -0.2651
vn 0.7122 -0.6514 -0.2618
vn 0.7417 -0.6125 -0.2734
vn 0.7703 -0.5587 -0.3074
vn 0.7951 -0.5036 -0.3379
vn 0.8529 -0.3834 -0.3544
vn 0.9078 -0.2184 -0.3580
vn 0.9380 -0.0527 -0.3426
vn 0.8717 0.0476 -0.4877
vn 0.8493 0.1977 -0.4894
vn 0.8143 0.2708 -0.5134
vn 0.7576 0.3713 -0.5369
vn 0.7248 0.4385 -0.5314
vn 0.6974 0.4947 -0.5186
vn 0.6692 0.5632 -0.4847
vn 0.6796 0.5888 -0.4375
vn 0.6410 0.6486 -0.4105
vn 0.6086 0.6882 -0.3950
vn 0.4718 0.7666 -0.4355
vn 0.3212 0.8476 -0.4225
vn 0.2231 0.8894 -0.3991
vn 0.1853 0.9079 -0.3761
vn 0.0462 0.9438 -0.3273
vn -0.0502 0.9545 -0.2941
vn -0.1344 0.9488 -0.2860
vn -0.2316 0.9430 -0.2388
vn -0.3193 0.9230 -0.2148
vn -0.4205 0.8847 -0.2011
vn -0.5618 0.8118 -0.1591
vn -0.7041 0.6960 -0.1408
vn -0.7515 0.6406 -0.1576
vn -0.8232 0.5580 -0.1046
vn -0.8834 0.4609 -0.0846
vn -0.8989 0.4236 -0.1122
vn -0.9044 0.4068 -0.1287
vn -0.9322 0.3285 -0.1519
vn -0.9438 0.2616 -0.2021
vn -0.9547 0.1803 -0.2368
vn -0.9586 -0.0047 -0.2848
vn -0.9448 -0.1137 -0.3073
vn -0.9228 -0.2086 -0.3239
vn -0.9063 -0.2913 -0.3063
vn -0.8648 -0.3781 -0.3305
vn -0.7774 -0.4715 -0.4164
vn -0.7245 -0.5119 -0.4616
vn -0.6653 -0.5797 -0.4704
vn -0.5992 -0.6346 -0.4881
vn -0.4602 -0.7180 -0.5221
vn -0.3564 -0.7772 -0.5185
vn -0.2754 -0.8368 -0.4733
vn -0.1636 -0.8898 -0.4260
vn -0.0943 -0.9160 -0.3900
vn -0.1120 -0.9178 -0.3809
vn 0.0263 -0.9269 -0.3745
vn 0.1721 -0.9110 -0.3748
vn 0.2876 -0.8915 -0.3501
vn 0.4403 -0.8256 -0.3528
vn 0.4560 -0.7975 -0.3951
vn 0.5134 -0.7712 -0.3764
vn 0.6493 -0.6828 -0.3351
vn 0.6943 -0.6429 -0.3234
vn 0.7474 -0.5890 -0.3076
vn 0.7961 -0.5190 -0.3112
vn 0.8097 -0.4638 -0.3596
vn 0.8446 -0.3247 -0.4257
vn 0.8414 -0.2060 -0.4997
vn 0.8642 -0.1054 -0.4920
vn 0.8019 0.0761 -0.5925
vn 0.7732 0.2148 -0.5967
vn 0.7605 0.2791 -0.5863
vn 0.7512 0.3493 -0.5601
vn 0.7312 0.4289 -0.5305
vn 0.7005 0.4910 -0.5179
vn 0.7067 0.5291 -0.4697
vn 0.6669 0.5864 -0.4598
vn 0.6085 0.6387 -0.4710
vn 0.5312 0.6921 -0.4887
vn 0.4568 0.7561 -0.4687
vn 0.3287 0.8440 -0.4239
vn 0.2255 0.8825 -0.4127
vn 0.1708 0.9022 -0.3960
vn -0.0109 0.9278 -0.3730
vn -0.0771 0.9281 -0.3643
vn -0.1424 0.9302 -0.3384
vn -0.2332 0.9276 -0.2918
vn -0.3547 0.8996 -0.2549
vn -0.4541 0.8597 -0.2339
vn -0.6480 0.7430 -0.1674
vn -0.7453 0.6543 -0.1280
vn -0.7666 0.6330 -0.1078
vn -0.8742 0.4814 -0.0636
vn -0.9160 0.3908 -0.0911
vn -0.9118 0.3896 -0.1298
vn -0.9435 0.2930 -0.1551
vn -0.9531 0.2109 -0.2173
vn -0.9530 0.1207 -0.2780
vn -0.9577 -0.0182 -0.2871
vn -0.9424 -0.1414 -0.3031
vn -0.9283 -0.2129 -0.3048
vn -0.9067 -0.2973 -0.2992
vn -0.8010 -0.4687 -0.3725
vn -0.7057 -0.5445 -0.4533
vn -0.6513 -0.5518 -0.5209
vn -0.5694 -0.5796 -0.5830
vn -0.4698 -0.6238 -0.6247
vn -0.3878 -0.6766 -0.6260
vn -0.4018 -0.7117 -0.5762
vn -0.3010 -0.7968 -0.5239
vn -0.1817 -0.8699 -0.4585
vn -0.0981 -0.9028 -0.4187
vn -0.0532 -0.8957 -0.4415
vn 0.0976 -0.9019 -0.4207
vn 0.2148 -0.8915 -0.3989
vn 0.3682 -0.8347 -0.4095
vn 0.4923 -0.7751 -0.3961
vn 0.4711 -0.7661 -0.4371
vn 0.5740 -0.6982 -0.4279
vn 0.6683 -0.6275 -0.3995
vn 0.6712 -0.6190 -0.4078
vn 0.7650 -0.5167 -0.3845
vn 0.8035 -0.4225 -0.4193
vn 0.8476 -0.2686 -0.4576
vn 0.8583 -0.1338 -0.4954
vn 0.8374 -0.0831 -0.5403
vn 0.7975 0.1088 -0.5935
vn 0.8024 0.1913 -0.5654
vn 0.8025 0.2632 -0.5354
vn 0.7893 0.3420 -0.5099
vn 0.7789 0.4297 -0.4568
vn 0.7771 0.4824 -0.4043
vn 0.7381 0.5512 -0.3890
vn 0.6727 0.6279 -0.3914
vn 0.6022 0.6913 -0.3992
vn 0.5314 0.7376 -0.4166
vn 0.4324 0.7866 -0.4408
vn 0.2317 0.8446 -0.4826
vn 0.2113 0.8337 -0.5102
vn 0.1189 0.8563 -0.5026
vn -0.0281 0.8884 -0.4582
vn -0.0695 0.9054 -0.4189
vn -0.1364 0.9147 -0.3804
vn -0.2624 0.9090 -0.3239
vn -0.3983 0.8746 -0.2764
vn -0.5161 0.8155 -0.2618
vn -0.6920 0.6935 -0.2003
vn -0.7342 0.6566 -0.1726
vn -0.8355 0.5246 -0.1635
vn -0.9201 0.3616 -0.1507
vn -0.9157 0.3671 -0.1637
vn -0.9440 0.2555 -0.2090
vn -0.9595 0.1692 -0.2253
vn -0.9703 0.1254 -0.2070
vn -0.9789 -0.0345 -0.2013
vn -0.9526 -0.1733 -0.2501
vn -0.9411 -0.2123 -0.2631
vn -0.8612 -0.3895 -0.3266
vn -0.7168 -0.5695 -0.4023
vn -0.6547 -0.6029 -0.4559
vn -0.5815 -0.6256 -0.5201
vn -0.5101 -0.6357 -0.5793
vn -0.4544 -0.6560 -0.6026
vn -0.4408 -0.6786 -0.5875
vn -0.3879 -0.7088 -0.5891
vn -0.2914 -0.7667 -0.5720
vn -0.1918 -0.8386 -0.5098
vn -0.0853 -0.8850 -0.4577
vn -0.0203 -0.8946 -0.4463
vn 0.1566 -0.8800 -0.4483
vn 0.3085 -0.8266 -0.4707
vn 0.4387 -0.7840 -0.4393
vn 0.5162 -0.7511 -0.4116
vn 0.5053 -0.7468 -0.4325
vn 0.6361 -0.6716 -0.3799
vn 0.6981 -0.6096 -0.3756
vn 0.7462 -0.5143 -0.4228
vn 0.8051 -0.3676 -0.4654
vn 0.8124 -0.2479 -0.5278
vn 0.8314 -0.1125 -0.5442
vn 0.8198 -0.0097 -0.5725
vn 0.8499 0.0843 -0.5201
vn 0.8534 0.1793 -0.4895
vn 0.8603 0.2481 -0.4454
vn 0.8679 0.3133 -0.3856
vn 0.8430 0.4141 -0.3433
vn 0.8026 0.5021 -0.3222
vn 0.7437 0.5962 -0.3024
vn 0.6716 0.6849 -0.2824
vn 0.5441 0.7720 -0.3286
vn 0.4466 0.7930 -0.4144
vn 0.2644 0.8401 -0.4737
vn 0.1643 0.8543 -0.4931
vn 0.1581 0.8257 -0.5416
vn 0.0543 0.8349 -0.5478
vn -0.0095 0.8588 -0.5122
vn -0.0546 0.8816 -0.4688
vn -0.1506 0.9022 -0.4042
vn -0.3400 0.8807 -0.3298
vn -0.5044 0.8066 -0.3081
vn -0.6592 0.6912 -0.2960
vn -0.7249 0.6357 -0.2654
vn -0.8363 0.4704 -0.2818
vn -0.8991 0.3485 -0.2650
vn -0.9154 0.2984 -0.2701
vn -0.9387 0.2079 -0.2749
vn -0.9462 0.1983 -0.2557
vn -0.9543 0.0387 -0.2965
vn -0.9464 -0.1449 -0.2888
vn -0.9235 -0.2471 -0.2934
vn -0.8529 -0.3739 -0.3643
vn -0.7144 -0.5801 -0.3912
vn -0.6261 -0.6466 -0.4357
vn -0.5649 -0.6767 -0.4722
vn -0.4923 -0.7093 -0.5046
vn -0.4539 -0.6998 -0.5516
vn -0.4293 -0.6911 -0.5814
vn -0.3970 -0.7039 -0.5890
vn -0.3331 -0.7410 -0.5830
vn -0.2267 -0.7738 -0.5915
vn -0.1044 -0.8276 -0.5516
vn 0.0356 -0.8443 -0.5347
vn 0.2311 -0.8024 -0.5502
vn 0.3117 -0.7781 -0.5453
vn 0.4183 -0.7419 -0.5240
vn 0.4941 -0.7157 -0.4936
vn 0.5077 -0.7086 -0.4901
vn 0.6573 -0.5870 -0.4727
vn 0.7112 -0.4699 -0.5229
vn 0.7613 -0.3495 -0.5461
vn 0.8236 -0.1945 -0.5329
vn 0.8222 -0.0985 -0.5606
vn 0.8366 0.0039 -0.5479
vn 0.8658 0.0325 -0.4993
vn 0.8928 0.1237 -0.4330
vn 0.9062 0.1986 -0.3732
vn 0.8945 0.3032 -0.3286
vn 0.8407 0.4323 -0.3262
vn 0.8209 0.4918 -0.2904
vn 0.7593 0.6084 -0.2310
vn 0.5758 0.7797 -0.2462
vn 0.4117 0.8526 -0.3217
vn 0.2908 0.8615 -0.4162
vn 0.1632 0.8690 -0.4671
vn 0.1148 0.8592 -0.4986
vn 0.0665 0.8453 -0.5301
vn 0.0311 0.8451 -0.5337
vn 0.0103 0.8508 -0.5253
vn -0.0491 0.8468 -0.5297
vn -0.2273 0.8286 -0.5116
vn -0.4480 0.7543 -0.4800
vn -0.6010 0.6508 -0.4640
vn -0.6873 0.5652 -0.4563
vn -0.8109 0.4025 -0.4248
vn -0.8681 0.3310 -0.3699
vn -0.8951 0.2663 -0.3576
vn -0.9155 0.1849 -0.3573
vn -0.9086 0.0716 -0.4115
vn -0.9101 -0.0340 -0.4129
vn -0.8959 -0.1974 -0.3979
vn -0.8493 -0.3510 -0.3942
vn -0.7301 -0.5533 -0.4011
vn -0.6163 -0.6754 -0.4049
vn -0.5656 -0.7022 -0.4324
vn -0.4797 -0.7451 -0.4634
vn -0.4233 -0.7493 -0.5093
vn -0.4205 -0.7254 -0.5450
vn -0.3688 -0.7276 -0.5785
vn -0.2609 -0.7269 -0.6352
vn -0.2113 -0.7204 -0.6606
vn -0.1228 -0.7275 -0.6751
vn 0.0686 -0.7265 -0.6837
vn 0.2547 -0.6878 -0.6797
vn 0.3103 -0.6637 -0.6806
vn 0.3881 -0.6159 -0.6856
vn 0.3976 -0.6116 -0.6840
vn 0.4799 -0.5293 -0.6997
vn 0.6214 -0.3888 -0.6803
vn 0.6644 -0.3472 -0.6619
vn 0.7385 -0.2390 -0.6305
vn 0.8062 -0.1110 -0.5812
vn 0.8284 -0.0441 -0.5584
vn 0.8543 -0.0515 -0.5173
vn 0.8935 0.0555 -0.4456
vn 0.9068 0.1517 -0.3932
vn 0.8900 0.3051 -0.3390
vn 0.8545 0.4291 -0.2929
vn 0.8320 0.4849 -0.2697
vn 0.6415 0.7078 -0.2957
vn 0.3703 0.8612 -0.3480
vn 0.2223 0.8781 -0.4238
vn 0.1019 0.8624 -0.4958
vn 0.0838 0.8452 -0.5278
vn 0.0514 0.8352 -0.5475
vn 0.0177 0.8166 -0.5769
vn -0.0229 0.7822 -0.6226
vn -0.0520 0.7416 -0.6688
vn -0.1770 0.7107 -0.6808
vn -0.4266 0.6110 -0.6668
vn -0.5403 0.5154 -0.6651
vn -0.6197 0.4663 -0.6313
vn -0.7460 0.3674 -0.5554
vn -0.8199 0.2740 -0.5027
vn -0.8537 0.1657 -0.4937
vn -0.8572 0.0600 -0.5114
vn -0.8604 -0.0272 -0.5090
vn -0.8536 -0.1908 -0.4847
vn -0.8081 -0.3953 -0.4367
vn -0.6618 -0.6054 -0.4422
vn -0.5759 -0.7005 -0.4215
vn -0.4796 -0.7563 -0.4449
vn -0.3904 -0.7840 -0.4826
vn -0.3977 -0.7636 -0.5086
vn -0.3389 -0.7570 -0.5587
vn -0.2322 -0.7553 -0.6128
vn -0.1649 -0.7363 -0.6562
vn -0.0556 -0.6861 -0.7254
vn 0.0893 -0.6444 -0.7595
vn 0.2259 -0.5921 -0.7736
vn 0.2955 -0.5527 -0.7792
vn 0.3480 -0.5163 -0.7825
vn 0.3638 -0.4848 -0.7954
vn 0.4331 -0.4312 -0.7915
vn 0.5691 -0.3799 -0.7292
vn 0.6513 -0.2964 -0.6985
vn 0.7438 -0.1725 -0.6458
vn 0.8066 -0.0901 -0.5841
vn 0.8113 -0.1478 -0.5657
vn 0.8623 -0.0189 -0.5060
vn 0.8838 0.0922 -0.4588
vn 0.8736 0.2607 -0.4109
vn 0.8466 0.4072 -0.3427
vn 0.6467 0.6499 -0.3992
vn 0.2990 0.8289 -0.4727
vn 0.0971 0.8485 -0.5202
vn 0.0452 0.8230 -0.5663
vn 0.0376 0.7982 -0.6012
vn -0.0020 0.7723 -0.6352
vn -0.0443 0.7377 -0.6737
vn -0.0653 0.7012 -0.7100
vn -0.0781 0.6657 -0.7421
vn -0.2681 0.5772 -0.7713
vn -0.4570 0.4857 -0.7452
vn -0.5248 0.4687 -0.7105
vn -0.6334 0.3844 -0.6716
vn -0.7453 0.2660 -0.6114
vn -0.8023 0.0906 -0.5899
vn -0.8008 0.0140 -0.5987
vn -0.8300 -0.0238 -0.5573
vn -0.7880 -0.3210 -0.5253
vn -0.6233 -0.5733 -0.5318
vn -0.5154 -0.6826 -0.5181
vn -0.4003 -0.7545 -0.5200
vn -0.3484 -0.7713 -0.5327
vn -0.3309 -0.7628 -0.5555
vn -0.2018 -0.7665 -0.6097
vn -0.1207 -0.7309 -0.6717
vn -0.0272 -0.6890 -0.7242
vn 0.1288 -0.6272 -0.7681
vn 0.2576 -0.5646 -0.7841
vn 0.3057 -0.5352 -0.7874
vn 0.3457 -0.4952 -0.7970
vn 0.3790 -0.4646 -0.8003
vn 0.4258 -0.4352 -0.7933
vn 0.5323 -0.3455 -0.7728
vn 0.6353 -0.2774 -0.7208
vn 0.7407 -0.1930 -0.6435
vn 0.7110 -0.2297 -0.6646
vn 0.7529 -0.0927 -0.6516
vn 0.7671 0.0201 -0.6413
vn 0.7735 0.1330 -0.6197
vn 0.5928 0.4460 -0.6705
vn 0.2261 0.7400 -0.6335
vn 0.0257 0.8117 -0.5834
vn -0.0193 0.7980 -0.6023
vn -0.0364 0.7486 -0.6620
vn -0.0532 0.7068 -0.7054
vn -0.0944 0.6577 -0.7473
vn -0.0860 0.6199 -0.7799
vn -0.1521 0.5713 -0.8065
vn -0.3563 0.5066 -0.7851
vn -0.4444 0.4776 -0.7579
vn -0.5289 0.3910 -0.7532
vn -0.6325 0.2397 -0.7366
vn -0.7171 0.0607 -0.6943
vn -0.7663 0.0707 -0.6386
vn -0.7296 -0.2078 -0.6515
vn -0.5565 -0.5538 -0.6194
vn -0.4367 -0.6569 -0.6146
vn -0.3215 -0.7299 -0.6033
vn -0.3017 -0.7360 -0.6061
vn -0.2047 -0.7472 -0.6323
vn -0.0536 -0.7388 -0.6718
vn 0.0164 -0.6873 -0.7262
vn 0.1321 -0.6459 -0.7519
vn 0.2651 -0.5906 -0.7622
vn 0.3445 -0.5317 -0.7738
vn 0.3807 -0.4816 -0.7894
vn 0.3909 -0.4741 -0.7889
vn 0.4571 -0.4255 -0.7811
vn 0.5482 -0.3682 -0.7509
vn 0.6396 -0.2934 -0.7105
vn 0.6051 -0.2670 -0.7500
vn 0.6415 -0.1362 -0.7549
vn 0.6279 -0.0257 -0.7779
vn 0.4802 0.1077 -0.8705
vn 0.1801 0.4297 -0.8848
vn -0.0129 0.6281 -0.7780
vn -0.1065 0.6942 -0.7118
vn -0.1330 0.6667 -0.7334
vn -0.1396 0.6050 -0.7839
vn -0.1165 0.5722 -0.8118
vn -0.0881 0.5574 -0.8256
vn -0.2191 0.5119 -0.8306
vn -0.3516 0.4014 -0.8457
vn -0.4038 0.3308 -0.8529
vn -0.4926 0.1889 -0.8495
vn -0.5651 0.1465 -0.8119
vn -0.5257 -0.0232 -0.8504
vn -0.4023 -0.4196 -0.8137
vn -0.3199 -0.5949 -0.7374
vn -0.2561 -0.6766 -0.6904
vn -0.2252 -0.7038 -0.6738
vn -0.0576 -0.7277 -0.6835
vn 0.0567 -0.7100 -0.7019
vn 0.1803 -0.6325 -0.7533
vn 0.2921 -0.5428 -0.7874
vn 0.3593 -0.5224 -0.7733
vn 0.4018 -0.5030 -0.7652
vn 0.4224 -0.4861 -0.7650
vn 0.4908 -0.4273 -0.7593
vn 0.5561 -0.3496 -0.7540
vn 0.4837 -0.3044 -0.8206
vn 0.4761 -0.1438 -0.8676
vn 0.3585 0.0181 -0.9333
vn 0.1535 0.2285 -0.9614
vn -0.0433 0.4361 -0.8989
vn -0.1374 0.5389 -0.8311
vn -0.1836 0.5561 -0.8105
vn -0.1520 0.5372 -0.8296
vn -0.1024 0.5135 -0.8520
vn -0.1790 0.4047 -0.8967
vn -0.2722 0.3323 -0.9030
vn -0.3702 0.2690 -0.8891
vn -0.4129 0.1092 -0.9042
vn -0.2928 -0.1018 -0.9507
vn -0.2349 -0.3640 -0.9013
vn -0.2067 -0.5086 -0.8358
vn -0.1486 -0.5940 -0.7906
vn 0.0575 -0.6282 -0.7759
vn 0.2191 -0.5679 -0.7934
vn 0.2790 -0.5064 -0.8159
vn 0.3104 -0.4817 -0.8195
vn 0.3582 -0.4636 -0.8104
vn 0.3861 -0.4407 -0.8104
vn 0.4455 -0.3751 -0.8129
vn 0.3344 -0.2878 -0.8974
vn 0.2422 -0.1146 -0.9634
vn 0.1341 0.0256 -0.9906
vn 0.0017 0.2365 -0.9716
vn -0.1128 0.3979 -0.9105
vn -0.1839 0.4462 -0.8758
vn -0.1401 0.4494 -0.8823
vn -0.1551 0.3771 -0.9131
vn -0.2114 0.3570 -0.9099
vn -0.2671 0.1979 -0.9431
vn -0.2585 -0.0569 -0.9643
vn -0.1471 -0.2422 -0.9590
vn -0.1068 -0.3482 -0.9313
vn 0.0509 -0.4305 -0.9012
vn 0.2523 -0.4393 -0.8622
vn 0.2962 -0.4273 -0.8542
vn 0.2835 -0.4083 -0.8677
vn 0.2871 -0.4222 -0.8598
vn 0.3151 -0.3751 -0.8718
vn 0.2248 -0.2143 -0.9505
vn 0.1136 -0.0254 -0.9932
vn 0.0112 0.1096 -0.9939
vn -0.1125 0.2475 -0.9623
vn -0.0872 0.2996 -0.9501
vn -0.0959 0.2743 -0.9569
vn -0.0613 0.0212 -0.9979
vn -0.0093 -0.1665 -0.9860
vn 0.0743 -0.2514 -0.9650
vn 0.2492 -0.3317 -0.9099
vn 0.2588 -0.3774 -0.8892
vn 0.2544 -0.3696 -0.8937
vn 0.1200 -0.1237 -0.9850
vn 0.0474 0.0448 -0.9979
vn -0.0054 0.1510 -0.9885
vn 0.0444 -0.0272 -0.9986
vn 0.1006 -0.1644 -0.9813
vn 0.1757 -0.2693 -0.9469
vn 0.0802 -0.0636 -0.9947