vn 0.0878 0.8910 0.4455
vn 0.2599 0.8567 0.4455
vn 0.4220 0.7896 0.4455
vn 0.5680 0.6921 0.4455
vn 0.6921 0.5680 0.4455
vn 0.7896 0.4220 0.4455
vn 0.8567 0.2599 0.4455
vn 0.8910 0.0878 0.4455
vn 0.8910 -0.0878 0.4455
vn 0.8567 -0.2599 0.4455
vn 0.7896 -0.4220 0.4455
vn 0.6921 -0.5680 0.4455
vn 0.5680 -0.6921 0.4455
vn 0.4220 -0.7896 0.4455
vn 0.2599 -0.8567 0.4455
vn 0.0878 -0.8910 0.4455
vn -0.0878 -0.8910 0.4455
vn -0.2599 -0.8567 0.4455
vn -0.4220 -0.7896 0.4455
vn -0.5680 -0.6921 0.4455
vn -0.6921 -0.5680 0.4455
vn -0.7896 -0.4220 0.4455
vn -0.8567 -0.2599 0.4455
vn -0.8910 -0.0878 0.4455
vn -0.8910 0.0878 0.4455
vn -0.8567 0.2599 0.4455
vn -0.7896 0.4220 0.4455
vn -0.6921 0.5680 0.4455
vn -0.5680 0.6921 0.4455
vn -0.4220 0.7896 0.4455
vn -0.2599 0.8567 0.4455
vn -0.0878 0.8910 0.4455
vn 0.0000 0.0000 -1.0000