vn -0.0103 -0.1536 0.9881
vn 0.0256 -0.1738 0.9845
vn 0.1956 -0.0784 0.9775
vn 0.1962 -0.0746 0.9777
vn 0.1953 -0.0807 0.9774
vn 0.1956 -0.0824 0.9772
vn 0.1283 -0.0431 0.9908
vn -0.0103 -0.1234 0.9923
vn -0.1392 -0.2020 0.9695
vn -0.1409 -0.2025 0.9691
vn -0.1394 -0.2022 0.9694
vn -0.1232 -0.2142 0.9690
vn -0.1336 -0.1476 0.9800
vn -0.1258 -0.1396 0.9822
vn -0.1333 -0.1470 0.9801
vn -0.1064 -0.1635 0.9808
vn 0.0260 -0.1093 0.9937
vn 0.1265 -0.1505 0.9805
vn 0.1912 -0.1119 0.9752
vn 0.1831 -0.1027 0.9777
vn 0.1909 -0.1114 0.9753
vn 0.1966 -0.0749 0.9776
vn 0.2349 -0.0439 0.9710
vn 0.2351 0.0185 0.9718
vn 0.2867 -0.0238 0.9577
vn 0.2918 -0.0675 0.9541
vn 0.2912 -0.0682 0.9542
vn 0.2913 -0.0681 0.9542
vn 0.2205 -0.0241 0.9751
vn 0.1284 -0.0668 0.9895
vn 0.0514 -0.0335 0.9981
vn -0.0502 -0.0922 0.9945
vn -0.0501 -0.0918 0.9945
vn -0.0512 -0.0993 0.9937
vn -0.0509 -0.0995 0.9937
vn -0.1402 -0.1643 0.9764
vn -0.1397 -0.1642 0.9765
vn -0.1334 -0.1662 0.9770
vn -0.2079 -0.1372 0.9685
vn -0.1412 -0.2024 0.9691
vn -0.1493 -0.1397 0.9789
vn -0.1432 -0.1444 0.9791
vn -0.1438 -0.1441 0.9791
vn -0.1496 -0.1393 0.9789
vn -0.1253 -0.1394 0.9823
vn -0.1681 -0.1046 0.9802
vn -0.0885 -0.0902 0.9920
vn -0.0486 -0.1201 0.9916
vn 0.0710 -0.0921 0.9932
vn 0.1019 -0.0468 0.9937
vn 0.2251 -0.0186 0.9742
vn 0.1826 -0.1029 0.9778
vn 0.2648 -0.0760 0.9613
vn 0.2695 -0.0646 0.9608
vn 0.2697 -0.0654 0.9607
vn 0.2660 -0.0532 0.9625
vn 0.2658 -0.0525 0.9626
vn 0.2856 -0.0225 0.9581
vn 0.2824 -0.0145 0.9592
vn 0.2826 -0.0152 0.9591
vn 0.2859 -0.0228 0.9580
vn 0.2179 0.0135 0.9759
vn 0.2498 -0.0574 0.9666
vn 0.2907 -0.0688 0.9543
vn 0.2749 -0.0348 0.9609
vn 0.2503 -0.0293 0.9677
vn 0.2144 -0.0526 0.9753
vn 0.1167 -0.0291 0.9927
vn 0.0622 -0.0730 0.9954
vn -0.0201 -0.0558 0.9982
vn -0.0983 -0.1190 0.9880
vn -0.0906 -0.0495 0.9947
vn -0.1338 -0.0832 0.9875
vn -0.1331 -0.1666 0.9770
vn -0.2043 -0.2286 0.9518
vn -0.0267 -0.1930 0.9808
vn -0.0971 -0.1251 0.9874
vn -0.0811 -0.2716 0.9590
vn -0.2090 -0.1770 0.9618
vn -0.2396 -0.0457 0.9698
vn -0.1236 -0.1105 0.9862
vn -0.1759 0.0413 0.9835
vn -0.1454 0.0290 0.9889
vn -0.1115 0.0437 0.9928
vn -0.1335 0.0505 0.9898
vn -0.0322 0.1168 0.9926
vn 0.0109 0.1069 0.9942
vn 0.0217 0.1161 0.9930
vn 0.1715 0.0938 0.9807
vn 0.1718 0.0943 0.9806
vn 0.1665 0.0885 0.9821
vn 0.1660 0.0882 0.9822
vn 0.1398 0.0919 0.9859
vn 0.1376 0.0887 0.9865
vn 0.1376 0.0890 0.9865
vn 0.1401 0.0919 0.9859
vn 0.1444 0.0295 0.9891
vn 0.1028 -0.0329 0.9942
vn 0.0953 -0.0023 0.9954
vn 0.0766 -0.0364 0.9964
vn 0.0681 -0.0161 0.9975
vn 0.0878 0.0317 0.9956
vn 0.1484 -0.0803 0.9857
vn 0.1433 -0.1013 0.9845
vn 0.1655 -0.1392 0.9764
vn 0.1686 -0.1396 0.9758
vn 0.1627 -0.1393 0.9768
vn 0.1624 -0.1388 0.9769
vn 0.1827 -0.1645 0.9693
vn 0.2072 -0.1632 0.9646
vn 0.2070 -0.1631 0.9647
vn 0.2046 -0.1606 0.9656
vn 0.2045 -0.1604 0.9656
vn 0.2275 -0.1561 0.9612
vn 0.2015 -0.1343 0.9702
vn 0.1301 -0.1532 0.9796
vn 0.0821 -0.1235 0.9889
vn 0.0519 -0.1330 0.9898
vn 0.0314 -0.1759 0.9839
vn -0.0291 -0.1989 0.9796
vn -0.0288 -0.1981 0.9797
vn -0.0293 -0.1997 0.9794
vn -0.0994 -0.2310 0.9679
vn -0.0792 -0.1166 0.9900
vn -0.1383 -0.1543 0.9783
vn -0.1440 -0.2464 0.9584
vn -0.0269 -0.1483 0.9886
vn 0.0607 -0.0872 0.9943
vn 0.1565 -0.1829 0.9706
vn 0.1551 -0.2669 0.9512
vn 0.0989 -0.2214 0.9702
vn 0.0784 0.1005 0.9918
vn -0.0071 0.1564 0.9877
vn -0.0353 0.3317 0.9427
vn 0.0063 0.3099 0.9507
vn 0.0182 0.2647 0.9642
vn -0.0708 0.3113 0.9477
vn -0.0391 0.3228 0.9457
vn -0.0381 0.3223 0.9459
vn -0.0290 0.3178 0.9477
vn -0.0279 0.3172 0.9479
vn -0.1125 0.2788 0.9537
vn -0.0405 0.2450 0.9687
vn -0.0085 0.2609 0.9653
vn 0.0472 0.2369 0.9704
vn 0.1113 0.2695 0.9566
vn -0.0032 0.3106 0.9505
vn 0.0254 0.3254 0.9452
vn 0.0115 0.2729 0.9620
vn 0.0536 0.2956 0.9538
vn 0.0356 0.1839 0.9823
vn -0.2172 0.0165 0.9760
vn -0.2126 0.0998 0.9720
vn -0.1962 0.1123 0.9741
vn -0.1992 -0.0023 0.9800
vn -0.2492 -0.0502 0.9672
vn -0.2488 -0.0753 0.9656
vn -0.3100 -0.0179 0.9506
vn -0.3099 -0.0184 0.9506
vn -0.3099 -0.0224 0.9505
vn -0.3099 -0.0229 0.9505
vn -0.0687 -0.2049 0.9764
vn -0.0667 -0.2279 0.9714
vn 0.0163 -0.2775 0.9606
vn 0.0118 -0.2498 0.9682
vn 0.0975 -0.2963 0.9501
vn 0.0916 -0.2738 0.9574
vn 0.2065 -0.3316 0.9205
vn 0.1347 -0.3625 0.9222
vn 0.1350 -0.3627 0.9221
vn 0.1377 -0.3640 0.9212
vn 0.1381 -0.3640 0.9211
vn 0.1836 -0.3411 0.9219
vn 0.1426 -0.3232 0.9355
vn 0.1131 -0.3390 0.9340
vn 0.0553 -0.3161 0.9471
vn 0.1143 -0.2841 0.9520
vn 0.0830 -0.2745 0.9580
vn 0.1038 -0.2629 0.9592
vn 0.0812 -0.3496 0.9334
vn 0.1191 -0.3292 0.9367
vn 0.1053 -0.4057 0.9079
vn 0.2465 -0.3259 0.9127
vn 0.2448 -0.3393 0.9083
vn 0.1901 -0.3737 0.9078
vn 0.2040 -0.1907 0.9602
vn 0.0579 -0.3075 0.9498
vn 0.6577 -0.1403 0.7401
vn 0.5812 -0.0448 0.8125
vn 0.5688 -0.2142 0.7941
vn 0.5287 -0.1756 0.8305
vn 0.5317 0.0413 0.8459
vn 0.2762 0.2181 0.9360
vn 0.1906 0.5497 0.8133
vn 0.1918 0.5492 0.8134
vn 0.1908 0.5496 0.8133
vn 0.1896 0.5500 0.8133
vn 0.1772 0.5801 0.7950
vn 0.2279 0.5627 0.7946
vn 0.2033 0.6101 0.7658
vn 0.0741 0.6461 0.7596
vn 0.1212 0.5733 0.8104
vn 0.0702 0.5870 0.8065
vn 0.0224 0.5633 0.8259
vn 0.0467 0.5576 0.8288
vn -0.0419 0.5024 0.8636
vn -0.0266 0.4994 0.8659
vn -0.0073 0.5136 0.8580
vn 0.0894 0.4940 0.8649
vn -0.0357 0.3888 0.9206
vn -0.1653 0.3995 0.9017
vn -0.0804 0.4823 0.8723
vn -0.1964 0.4844 0.8525
vn -0.1667 0.5140 0.8415
vn -0.4258 0.4814 0.7661
vn -0.5680 0.2903 0.7701
vn -0.5582 0.2099 0.8028
vn -0.5463 0.2288 0.8057
vn -0.5464 0.2295 0.8054
vn -0.5462 0.2281 0.8060
vn -0.5729 0.1814 0.7993
vn -0.5016 -0.0257 0.8647
vn -0.4527 0.0792 0.8881
vn -0.3736 -0.0894 0.9233
vn -0.3146 0.0575 0.9475
vn -0.2766 -0.0127 0.9609
vn -0.3498 -0.2802 0.8939
vn -0.2859 -0.3653 0.8859
vn -0.2930 -0.4310 0.8534
vn -0.2150 -0.5152 0.8297
vn -0.2601 -0.5113 0.8191
vn -0.1806 -0.5869 0.7893
vn -0.1179 -0.5853 0.8022
vn -0.1403 -0.5662 0.8122
vn 0.1330 -0.5257 0.8402
vn 0.0665 -0.4736 0.8782
vn 0.1203 -0.4613 0.8790
vn 0.0672 -0.4230 0.9036
vn 0.1444 -0.4028 0.9038
vn 0.1291 -0.3934 0.9103
vn 0.0749 -0.4091 0.9094
vn 0.1016 -0.4228 0.9005
vn 0.1240 -0.4158 0.9010
vn 0.1353 -0.3941 0.9090
vn 0.1621 -0.3845 0.9088
vn 0.1720 -0.3598 0.9171
vn 0.2122 -0.3430 0.9151
vn 0.1942 -0.4003 0.8956
vn 0.3049 -0.3482 0.8864
vn 0.3051 -0.3476 0.8866
vn 0.3024 -0.3588 0.8831
vn 0.3023 -0.3593 0.8829
vn 0.3745 -0.3172 0.8713
vn 0.3498 -0.4311 0.8317
vn 0.5407 -0.2990 0.7863
vn 0.5238 -0.3797 0.7625
vn 0.6383 -0.2768 0.7183
vn 0.7366 -0.0583 0.6738
vn 0.7392 -0.0581 0.6710
vn 0.7370 -0.0583 0.6734
vn 0.7774 -0.1236 0.6167
vn 0.7830 -0.0610 0.6190
vn 0.7758 -0.0631 0.6278
vn 0.7823 -0.0612 0.6199
vn 0.8239 -0.1269 0.5523
vn 0.8301 0.1644 0.5329
vn 0.8119 0.1887 0.5525
vn 0.7527 0.4462 0.4841
vn 0.3928 0.6843 0.6143
vn 0.4279 0.6184 0.6592
vn 0.2772 0.6796 0.6792
vn 0.2709 0.6895 0.6717
vn 0.2717 0.6892 0.6718
vn 0.2618 0.6925 0.6722
vn 0.2610 0.6927 0.6723
vn 0.2406 0.7227 0.6479
vn 0.1940 0.7364 0.6481
vn 0.2354 0.6820 0.6925
vn 0.2358 0.6829 0.6914
vn 0.2394 0.6886 0.6845
vn 0.2263 0.6850 0.6925
vn 0.0795 0.6276 0.7745
vn 0.1005 0.6222 0.7763
vn 0.0483 0.5946 0.8026
vn 0.1161 0.5775 0.8081
vn -0.0248 0.4857 0.8738
vn -0.0255 0.4857 0.8737
vn -0.0347 0.4873 0.8725
vn -0.0353 0.4875 0.8724
vn 0.0687 0.5644 0.8226
vn -0.1249 0.5943 0.7944
vn -0.2230 0.5088 0.8315
vn -0.0713 0.5009 0.8625
vn -0.1508 0.4246 0.8927
vn -0.4058 0.4072 0.8183
vn -0.3782 0.4402 0.8144
vn -0.3741 0.4409 0.8159
vn -0.3700 0.4416 0.8174
vn -0.4849 0.2917 0.8245
vn -0.4779 0.2362 0.8461
vn -0.5196 0.1684 0.8376
vn -0.5317 0.2240 0.8168
vn -0.6031 0.0933 0.7922
vn -0.6296 0.1914 0.7530
vn -0.6628 0.1251 0.7383
vn -0.6488 0.0798 0.7567
vn -0.6153 0.1522 0.7734
vn -0.5643 0.0176 0.8254
vn -0.6529 -0.3206 0.6862
vn -0.6145 -0.3788 0.6920
vn -0.5967 -0.2372 0.7666
vn -0.4045 -0.4988 0.7666
vn -0.4048 -0.5301 0.7450
vn -0.3363 -0.5984 0.7272
vn -0.3339 -0.5965 0.7299
vn -0.3359 -0.5982 0.7276
vn -0.3136 -0.6012 0.7350
vn -0.3138 -0.6010 0.7351
vn -0.3151 -0.5998 0.7355
vn -0.3152 -0.5996 0.7356
vn -0.1947 -0.6044 0.7726
vn -0.1721 -0.6218 0.7641
vn -0.1739 -0.6219 0.7636
vn -0.1722 -0.6218 0.7640
vn -0.1703 -0.6217 0.7645
vn -0.1336 -0.6503 0.7478
vn 0.0190 -0.6292 0.7770
vn 0.0180 -0.6285 0.7776
vn 0.0181 -0.6286 0.7775
vn 0.0170 -0.6279 0.7781
vn 0.0427 -0.6226 0.7814
vn -0.0576 -0.5575 0.8282
vn 0.1366 -0.5126 0.8477
vn 0.0785 -0.4801 0.8737
vn 0.1126 -0.4706 0.8752
vn 0.1069 -0.4678 0.8773
vn 0.1070 -0.4679 0.8773
vn 0.1014 -0.4651 0.8794
vn 0.0840 -0.4703 0.8785
vn 0.1200 -0.4062 0.9059
vn 0.1213 -0.4057 0.9059
vn 0.1295 -0.4029 0.9060
vn 0.1308 -0.4025 0.9060
vn 0.1483 -0.3628 0.9200
vn 0.1638 -0.3567 0.9198
vn 0.1805 -0.3083 0.9340
vn 0.2818 -0.2590 0.9239
vn 0.2667 -0.3185 0.9096
vn 0.4224 -0.2277 0.8773
vn 0.4023 -0.3312 0.8535
vn 0.4740 -0.2831 0.8338
vn 0.4739 -0.2833 0.8338
vn 0.4744 -0.2807 0.8343
vn 0.4744 -0.2805 0.8344
vn 0.6269 -0.1490 0.7647
vn 0.6099 -0.2752 0.7432
vn 0.7300 -0.1460 0.6677
vn 0.7140 -0.0210 0.6999
vn 0.7395 -0.0581 0.6706
vn 0.7412 -0.0158 0.6711
vn 0.7751 -0.0633 0.6287
vn 0.7758 0.1393 0.6155
vn 0.7747 0.1405 0.6165
vn 0.7757 0.1394 0.6155
vn 0.7767 0.1382 0.6146
vn 0.7350 0.3814 0.5607
vn 0.7000 0.4135 0.5823
vn 0.7080 0.3857 0.5916
vn 0.7081 0.3858 0.5914
vn 0.3923 0.5893 0.7062
vn 0.3556 0.6616 0.6601
vn 0.2737 0.6914 0.6686
vn 0.2904 0.6638 0.6892
vn 0.2180 0.6876 0.6926
vn 0.2109 0.6981 0.6843
vn 0.2393 0.6889 0.6843
vn 0.2399 0.6872 0.6857
vn 0.2247 0.6954 0.6826
vn 0.2203 0.6940 0.6855
vn 0.2246 0.6954 0.6826
vn 0.2290 0.6967 0.6798
vn 0.1897 0.7094 0.6788
vn 0.1047 0.6744 0.7310
vn 0.1043 0.6745 0.7308
vn 0.1033 0.6799 0.7260
vn 0.1047 0.6776 0.7279
vn 0.1091 0.6798 0.7252
vn 0.0827 0.6864 0.7225
vn 0.0826 0.6872 0.7218
vn 0.0825 0.6866 0.7224
vn -0.0600 0.5983 0.7990
vn -0.0889 0.6021 0.7934
vn -0.1189 0.5792 0.8065
vn -0.1188 0.5806 0.8054
vn -0.1187 0.5791 0.8066
vn -0.1158 0.5799 0.8064
vn -0.1158 0.5807 0.8058
vn -0.3252 0.5807 0.7463
vn -0.4446 0.4524 0.7731
vn -0.3992 0.4602 0.7930
vn -0.3996 0.4597 0.7931
vn -0.3963 0.4636 0.7925
vn -0.3959 0.4641 0.7924
vn -0.4823 0.4453 0.7544
vn -0.5735 0.3197 0.7543
vn -0.5753 0.3469 0.7408
vn -0.7000 0.1225 0.7036
vn -0.7214 0.2519 0.6450
vn -0.7798 0.1239 0.6136
vn -0.7824 0.1374 0.6074
vn -0.7591 0.1910 0.6223
vn -0.7472 0.1310 0.6516
vn -0.7129 0.2043 0.6709
vn -0.6990 0.1455 0.7001
vn -0.7987 -0.1829 0.5733
vn -0.7205 -0.3342 0.6076
vn -0.7193 -0.3171 0.6181
vn -0.7325 -0.2938 0.6141
vn -0.7344 -0.3333 0.5912
vn -0.5301 -0.6022 0.5969
vn -0.5370 -0.5437 0.6450
vn -0.5367 -0.5435 0.6454
vn -0.5242 -0.5580 0.6433
vn -0.3336 -0.5961 0.7303
vn -0.3014 -0.6254 0.7197
vn -0.3349 -0.6226 0.7073
vn -0.2357 -0.7046 0.6693
vn -0.2359 -0.7044 0.6694
vn -0.2306 -0.7045 0.6712
vn -0.2250 -0.7045 0.6731
vn -0.2449 -0.6894 0.6817
vn -0.1486 -0.6863 0.7119
vn -0.1484 -0.6867 0.7117
vn -0.1427 -0.6906 0.7090
vn -0.1423 -0.6908 0.7089
vn 0.0070 -0.6711 0.7413
vn -0.0631 -0.6263 0.7770
vn -0.0632 -0.6263 0.7770
vn -0.1290 -0.5819 0.8030
vn 0.0839 -0.5413 0.8366
vn 0.0830 -0.5409 0.8370
vn 0.0831 -0.5409 0.8370
vn 0.0822 -0.5404 0.8374
vn 0.1170 -0.5309 0.8393
vn 0.0328 -0.4908 0.8706
vn 0.1388 -0.4601 0.8770
vn 0.1028 -0.5191 0.8485
vn 0.1524 -0.5035 0.8504
vn 0.1696 -0.4703 0.8661
vn 0.2990 -0.4180 0.8578
vn 0.2699 -0.4887 0.8296
vn 0.3259 -0.4640 0.8237
vn 0.3684 -0.3339 0.8676
vn 0.4649 -0.2760 0.8413
vn 0.4690 -0.2560 0.8453
vn 0.5207 -0.2188 0.8252
vn 0.5069 -0.2974 0.8091
vn 0.6050 -0.2186 0.7656
vn 0.6134 -0.1458 0.7762
vn 0.6941 -0.0595 0.7174
vn 0.6938 -0.0594 0.7177
vn 0.6967 -0.0510 0.7156
vn 0.6888 -0.1431 0.7107
vn 0.7090 -0.1191 0.6950
vn 0.7658 0.0294 0.6424
vn 0.7948 -0.0152 0.6067
vn 0.7947 0.0270 0.6064
vn 0.7970 0.0275 0.6034
vn 0.7950 0.0271 0.6060
vn 0.8127 0.0003 0.5827
vn 0.8034 0.1493 0.5764
vn 0.8049 0.1475 0.5748
vn 0.8035 0.1492 0.5764
vn 0.8020 0.1510 0.5779
vn 0.7822 0.2706 0.5612
vn 0.6884 0.3567 0.6315
vn 0.6689 0.4161 0.6160
vn 0.7082 0.3859 0.5912
vn 0.6151 0.5954 0.5170
vn 0.3948 0.6983 0.5970
vn 0.4159 0.6692 0.6158
vn 0.3186 0.7000 0.6391
vn 0.2969 0.7264 0.6198
vn 0.2352 0.7399 0.6303
vn 0.2917 0.6754 0.6774
vn 0.2397 0.6868 0.6862
vn 0.2707 0.6514 0.7088
vn 0.2124 0.6627 0.7181
vn 0.2087 0.6666 0.7156
vn 0.2088 0.6664 0.7157
vn 0.2051 0.6702 0.7132
vn 0.1856 0.6731 0.7158
vn 0.1871 0.6718 0.7168
vn 0.1871 0.6718 0.7167
vn 0.1885 0.6704 0.7176
vn 0.0952 0.6834 0.7238
vn 0.0903 0.6801 0.7275
vn 0.0951 0.6834 0.7238
vn 0.1001 0.6866 0.7201
vn 0.0824 0.6876 0.7214
vn 0.0825 0.6877 0.7213
vn -0.0979 0.6836 0.7232
vn -0.1100 0.6718 0.7325
vn -0.0358 0.6778 0.7343
vn -0.1199 0.5838 0.8030
vn -0.3937 0.5173 0.7599
vn -0.3398 0.6026 0.7221
vn -0.4824 0.5505 0.6814
vn -0.4830 0.5495 0.6818
vn -0.4825 0.5503 0.6814
vn -0.4820 0.5513 0.6810
vn -0.6144 0.4812 0.6252
vn -0.6109 0.4778 0.6312
vn -0.6142 0.4810 0.6256
vn -0.5894 0.5348 0.6055
vn -0.7511 0.4182 0.5109
vn -0.7514 0.4174 0.5111
vn -0.7476 0.4276 0.5082
vn -0.7474 0.4282 0.5079
vn -0.8080 0.3686 0.4596
vn -0.8478 0.1926 0.4941
vn -0.8315 0.2139 0.5128
vn -0.8296 0.2131 0.5162
vn -0.8296 0.2131 0.5161
vn -0.8411 0.1431 0.5215
vn -0.8004 0.1964 0.5663
vn -0.8004 0.1967 0.5663
vn -0.8019 0.1942 0.5650
vn -0.8015 0.1949 0.5654
vn -0.8025 0.1936 0.5644
vn -0.7958 0.2318 0.5595
vn -0.7832 0.2031 0.5876
vn -0.7886 -0.1710 0.5906
vn -0.7851 -0.1705 0.5954
vn -0.7884 -0.1709 0.5910
vn -0.7809 -0.1807 0.5979
vn -0.7709 -0.2404 0.5899
vn -0.7675 -0.2394 0.5946
vn -0.7708 -0.2403 0.5901
vn -0.6999 -0.3118 0.6426
vn -0.7000 -0.3114 0.6427
vn -0.6958 -0.3131 0.6464
vn -0.6975 -0.3129 0.6447
vn -0.6946 -0.3154 0.6466
vn -0.6386 -0.4810 0.6007
vn -0.6366 -0.4799 0.6037
vn -0.6367 -0.4799 0.6035
vn -0.5364 -0.5433 0.6458
vn -0.5128 -0.5886 0.6250
vn -0.5427 -0.5734 0.6137
vn -0.4924 -0.6564 0.5716
vn -0.3707 -0.7027 0.6073
vn -0.3589 -0.7176 0.5969
vn -0.2620 -0.7426 0.6163
vn -0.3117 -0.6843 0.6592
vn -0.2496 -0.6989 0.6702
vn -0.2706 -0.6748 0.6866
vn -0.2703 -0.6740 0.6876
vn -0.2702 -0.6738 0.6877
vn -0.1441 -0.6966 0.7029
vn -0.1998 -0.6388 0.7430
vn -0.0678 -0.6537 0.7537
vn -0.1266 -0.5985 0.7910
vn -0.0459 -0.6039 0.7957
vn -0.1335 -0.6620 0.7375
vn -0.0450 -0.6670 0.7437
vn -0.0447 -0.6735 0.7378
vn -0.0450 -0.6678 0.7430
vn 0.0842 -0.5586 0.8251
vn 0.1181 -0.5557 0.8230
vn 0.0601 -0.6143 0.7868
vn 0.1928 -0.5985 0.7776
vn 0.1930 -0.5982 0.7777
vn 0.1926 -0.5987 0.7775
vn 0.2868 -0.5784 0.7636
vn 0.2866 -0.5779 0.7641
vn 0.2866 -0.5779 0.7642
vn 0.2321 -0.6509 0.7228
vn 0.2311 -0.6511 0.7230
vn 0.2199 -0.6534 0.7244
vn 0.2189 -0.6537 0.7244
vn 0.3380 -0.4688 0.8161
vn 0.2430 -0.4995 0.8315
vn 0.2839 -0.4205 0.8617
vn 0.5423 -0.2979 0.7856
vn 0.5339 -0.3249 0.7806
vn 0.6080 -0.2756 0.7446
vn 0.6077 -0.2765 0.7445
vn 0.6103 -0.2662 0.7461
vn 0.6104 -0.2653 0.7463
vn 0.5356 -0.3188 0.7820
vn 0.5620 -0.2030 0.8019
vn 0.6897 -0.0857 0.7190
vn 0.6899 -0.0858 0.7188
vn 0.6914 -0.0862 0.7174
vn 0.6955 -0.0544 0.7164
vn 0.6994 -0.0498 0.7130
vn 0.6948 -0.1180 0.7095
vn 0.7659 -0.0241 0.6425
vn 0.6977 0.1020 0.7091
vn 0.7534 0.0287 0.6569
vn 0.7497 0.0898 0.6556
vn 0.7973 0.0275 0.6030
vn 0.7782 0.1994 0.5955
vn 0.8190 0.1522 0.5532
vn 0.7806 0.3255 0.5336
vn 0.8175 0.2881 0.4987
vn 0.7736 0.4192 0.4751
vn 0.7702 0.4171 0.4825
vn 0.7733 0.4191 0.4758
vn 0.7294 0.4556 0.5102
vn 0.6998 0.5160 0.4940
vn 0.5948 0.5783 0.5583
vn 0.5586 0.6317 0.5375
vn 0.4261 0.6806 0.5960
vn 0.3878 0.7227 0.5721
vn 0.3058 0.7395 0.5996
vn 0.3301 0.7163 0.6147
vn 0.3141 0.7190 0.6199
vn 0.3424 0.6920 0.6355
vn 0.2887 0.6995 0.6537
vn 0.3146 0.6758 0.6666
vn 0.2082 0.6831 0.7000
vn 0.2491 0.6496 0.7183
vn 0.1858 0.6496 0.7372
vn 0.3168 0.5409 0.7791
vn 0.0888 0.5239 0.8472
vn -0.0295 0.5911 0.8061
vn 0.0896 0.6152 0.7833
vn -0.0911 0.6992 0.7091
vn -0.0898 0.6995 0.7090
vn -0.1000 0.6966 0.7105
vn -0.1013 0.6962 0.7107
vn -0.1704 0.7173 0.6756
vn -0.0633 0.7506 0.6578
vn -0.2252 0.7890 0.5716
vn -0.4274 0.6913 0.5826
vn -0.4301 0.6957 0.5753
vn -0.4278 0.6920 0.5815
vn -0.4607 0.6249 0.6303
vn -0.3952 0.6668 0.6318
vn -0.4537 0.5133 0.7285
vn -0.6319 0.3503 0.6914
vn -0.6107 0.4777 0.6316
vn -0.6503 0.4361 0.6221
vn -0.6605 0.3499 0.6643
vn -0.7335 0.2495 0.6322
vn -0.7327 0.3254 0.5977
vn -0.8246 0.1648 0.5412
vn -0.8220 0.1637 0.5454
vn -0.8244 0.1648 0.5415
vn -0.8277 0.2123 0.5195
vn -0.8198 0.2282 0.5251
vn -0.8183 0.2014 0.5384
vn -0.8181 0.2017 0.5385
vn -0.8139 0.2055 0.5435
vn -0.8147 0.1956 0.5459
vn -0.8148 0.1951 0.5459
vn -0.8055 0.2149 0.5523
vn -0.8071 0.2316 0.5431
vn -0.8663 0.0840 0.4923
vn -0.7849 -0.1705 0.5957
vn -0.7885 -0.1990 0.5820
vn -0.7674 -0.2394 0.5948
vn -0.7693 -0.2812 0.5737
vn -0.7406 -0.3270 0.5870
vn -0.7398 -0.3478 0.5759
vn -0.6348 -0.4788 0.6065
vn -0.6263 -0.5236 0.5776
vn -0.6270 -0.5239 0.5766
vn -0.6325 -0.5274 0.5673
vn -0.5355 -0.6058 0.5884
vn -0.5610 -0.5086 0.6532
vn -0.4413 -0.6059 0.6619
vn -0.4418 -0.6044 0.6629
vn -0.4418 -0.6045 0.6629
vn -0.4423 -0.6030 0.6639
vn -0.3265 -0.6756 0.6610
vn -0.3561 -0.6083 0.7093
vn -0.2909 -0.6427 0.7087
vn -0.2946 -0.6431 0.7068
vn -0.2873 -0.6425 0.7104
vn -0.2872 -0.6423 0.7106
vn -0.2357 -0.6668 0.7069
vn -0.2699 -0.6730 0.6886
vn -0.3250 -0.6467 0.6901
vn -0.1929 -0.6158 0.7639
vn -0.0676 -0.6573 0.7506
vn -0.1415 -0.6857 0.7140
vn -0.1212 -0.6917 0.7120
vn -0.0482 -0.6590 0.7506
vn -0.0251 -0.6636 0.7477
vn -0.0445 -0.6742 0.7372
vn 0.0827 -0.6910 0.7181
vn 0.1393 -0.6506 0.7465
vn 0.2118 -0.6504 0.7294
vn 0.2118 -0.6504 0.7295
vn 0.2132 -0.6506 0.7288
vn 0.2141 -0.6504 0.7288
vn 0.2145 -0.6509 0.7283
vn 0.2863 -0.5774 0.7646
vn 0.3333 -0.5697 0.7512
vn 0.2346 -0.6786 0.6960
vn 0.4667 -0.6281 0.6226
vn 0.4091 -0.6975 0.5883
vn 0.5151 -0.6616 0.5450
vn 0.6682 -0.3996 0.6276
vn 0.5653 -0.4576 0.6863
vn 0.6331 -0.2923 0.7168
vn 0.6336 -0.2930 0.7161
vn 0.6394 -0.2892 0.7124
vn 0.6393 -0.2881 0.7129
vn 0.6156 -0.3586 0.7017
vn 0.6328 -0.3466 0.6924
vn 0.6916 -0.0863 0.7171
vn 0.6320 -0.1436 0.7615
vn 0.6443 -0.0405 0.7637
vn 0.7053 0.0324 0.7082
vn 0.7043 -0.0205 0.7096
vn 0.7027 -0.0228 0.7111
vn 0.7027 -0.0227 0.7111
vn 0.7011 -0.0249 0.7126
vn 0.7702 0.1011 0.6298
vn 0.7702 0.1012 0.6298
vn 0.7705 0.0970 0.6300
vn 0.7629 0.1072 0.6375
vn 0.7537 0.1812 0.6318
vn 0.8171 0.1015 0.5675
vn 0.7895 0.2664 0.5529
vn 0.8331 0.2162 0.5091
vn 0.8111 0.3081 0.4972
vn 0.7899 0.3297 0.5170
vn 0.7531 0.4313 0.4968
vn 0.7699 0.4169 0.4831
vn 0.7221 0.5200 0.4563
vn 0.7223 0.5194 0.4566
vn 0.7130 0.5268 0.4628
vn 0.7128 0.5263 0.4635
vn 0.6383 0.6443 0.4213
vn 0.5948 0.6680 0.4472
vn 0.5369 0.7355 0.4133
vn 0.4284 0.7750 0.4647
vn 0.4525 0.7520 0.4793
vn 0.3650 0.7754 0.5154
vn 0.4219 0.7218 0.5487
vn 0.3623 0.7355 0.5725
vn 0.3864 0.7127 0.5854
vn 0.3307 0.7227 0.6069
vn 0.3101 0.7404 0.5963
vn 0.2707 0.7445 0.6102
vn 0.2232 0.7792 0.5856
vn 0.3542 0.7660 0.5365
vn 0.2313 0.8523 0.4691
vn -0.0434 0.8393 0.5420
vn 0.0774 0.7874 0.6116
vn -0.0993 0.7557 0.6473
vn 0.0613 0.6880 0.7231
vn -0.1460 0.6331 0.7602
vn -0.3088 0.6712 0.6739
vn -0.1961 0.7193 0.6664
vn -0.2233 0.7247 0.6518
vn -0.4859 0.5805 0.6534
vn -0.4305 0.6964 0.5742
vn -0.3889 0.7206 0.5740
vn -0.4082 0.6841 0.6044
vn -0.7198 0.4140 0.5572
vn -0.7174 0.4277 0.5499
vn -0.6472 0.5064 0.5697
vn -0.6602 0.4436 0.6061
vn -0.7872 0.2754 0.5518
vn -0.7873 0.2712 0.5538
vn -0.7867 0.2796 0.5503
vn -0.7871 0.2796 0.5498
vn -0.8250 0.2103 0.5245
vn -0.8218 0.1637 0.5457
vn -0.8098 0.1890 0.5554
vn -0.8122 0.2258 0.5378
vn -0.7937 0.2609 0.5494
vn -0.7896 0.2014 0.5796
vn -0.6808 0.3815 0.6253
vn -0.6612 0.1997 0.7231
vn -0.7635 -0.0585 0.6432
vn -0.8064 0.0869 0.5849
vn -0.8496 -0.0711 0.5225
vn -0.7969 -0.2005 0.5699
vn -0.7931 -0.1665 0.5859
vn -0.7372 -0.2710 0.6190
vn -0.7363 -0.3717 0.5654
vn -0.7497 -0.3524 0.5602
vn -0.7460 -0.3947 0.5363
vn -0.6330 -0.5278 0.5663
vn -0.6230 -0.5681 0.5377
vn -0.6224 -0.5687 0.5377
vn -0.6279 -0.5635 0.5369
vn -0.6285 -0.5629 0.5368
vn -0.6416 -0.5156 0.5680
vn -0.4856 -0.6488 0.5859
vn -0.4901 -0.6378 0.5941
vn -0.4149 -0.6879 0.5955
vn -0.4073 -0.7025 0.5836
vn -0.4523 -0.6748 0.5831
vn -0.3106 -0.6712 0.6731
vn -0.3107 -0.6711 0.6731
vn -0.3112 -0.6709 0.6731
vn -0.3114 -0.6707 0.6731
vn -0.2321 -0.6583 0.7161
vn -0.2330 -0.6579 0.7161
vn -0.2383 -0.6556 0.7165
vn -0.2393 -0.6552 0.7165
vn -0.3342 -0.6726 0.6602
vn -0.1301 -0.7518 0.6464
vn -0.0803 -0.7349 0.6734
vn -0.1149 -0.7262 0.6778
vn -0.1148 -0.7260 0.6781
vn -0.1242 -0.7297 0.6724
vn -0.1245 -0.7296 0.6725
vn -0.0346 -0.7498 0.6608
vn -0.0346 -0.7491 0.6615
vn -0.0346 -0.7490 0.6617
vn -0.0223 -0.7440 0.6678
vn -0.0847 -0.7323 0.6757
vn -0.0848 -0.7396 0.6677
vn -0.0850 -0.7327 0.6752
vn 0.0745 -0.6411 0.7638
vn 0.2944 -0.6401 0.7097
vn 0.2269 -0.6985 0.6787
vn 0.1556 -0.7011 0.6959
vn 0.2147 -0.6513 0.7278
vn 0.1932 -0.6529 0.7324
vn 0.3099 -0.5305 0.7890
vn 0.4583 -0.4934 0.7393
vn 0.4127 -0.5581 0.7199
vn 0.4928 -0.5316 0.6889
vn 0.4502 -0.5940 0.6667
vn 0.5712 -0.5447 0.6141
vn 0.5714 -0.5450 0.6136
vn 0.5747 -0.5481 0.6077
vn 0.6033 -0.4875 0.6312
vn 0.5101 -0.5337 0.6745
vn 0.6232 -0.2790 0.7306
vn 0.6218 -0.2800 0.7314
vn 0.6220 -0.2799 0.7313
vn 0.6206 -0.2808 0.7321
vn 0.6036 -0.3329 0.7244
vn 0.7018 -0.2561 0.6648
vn 0.7203 -0.1690 0.6728
vn 0.7050 -0.1845 0.6847
vn 0.7253 0.0300 0.6878
vn 0.6865 -0.0213 0.7268
vn 0.6865 -0.0208 0.7268
vn 0.6864 -0.0236 0.7268
vn 0.6864 -0.0241 0.7268
vn 0.7698 0.1053 0.6295
vn 0.7738 0.0661 0.6300
vn 0.7528 0.0955 0.6513
vn 0.7437 0.1673 0.6473
vn 0.7346 0.1775 0.6549
vn 0.7136 0.2696 0.6465
vn 0.7349 0.2497 0.6305
vn 0.7197 0.3010 0.6256
vn 0.7438 0.2804 0.6068
vn 0.7323 0.3144 0.6040
vn 0.6503 0.3730 0.6618
vn 0.6305 0.4144 0.6564
vn 0.6003 0.4307 0.6740
vn 0.4529 0.6407 0.6200
vn 0.5847 0.5942 0.5523
vn 0.5142 0.6771 0.5264
vn 0.4930 0.6837 0.5381
vn 0.5476 0.6248 0.5566
vn 0.3936 0.6629 0.6370
vn 0.4439 0.6146 0.6521
vn 0.3695 0.6259 0.6868
vn 0.3309 0.6582 0.6762
vn 0.3615 0.6561 0.6624
vn 0.1509 0.7911 0.5928
vn 0.3264 0.7947 0.5118
vn 0.3267 0.7945 0.5119
vn 0.3311 0.7918 0.5133
vn 0.3313 0.7916 0.5134
vn 0.2254 0.7908 0.5690
vn 0.1419 0.8295 0.5401
vn 0.2303 0.8376 0.4953
vn -0.0178 0.9183 0.3955
vn 0.0690 0.9328 0.3536
vn -0.1036 0.9566 0.2723
vn 0.0153 0.9763 0.2159
vn -0.2666 0.9614 0.0675
vn -0.3877 0.9143 0.1177
vn -0.3646 0.9217 0.1321
vn -0.3223 0.9396 0.1151
vn -0.3926 0.9169 0.0712
vn -0.6068 0.7800 0.1532
vn -0.6488 0.7517 0.1180
vn -0.5054 0.8604 0.0657
vn -0.6654 0.7438 -0.0637
vn -0.6654 0.7438 -0.0642
vn -0.6654 0.7438 -0.0641
vn -0.8329 0.5534 0.0001
vn -0.8255 0.5643 0.0100
vn -0.7851 0.6193 -0.0049
vn -0.7713 0.6364 0.0110
vn -0.9261 0.3713 0.0673
vn -0.9282 0.3668 0.0631
vn -0.9300 0.3628 0.0592
vn -0.9301 0.3625 0.0591
vn -0.9559 0.2850 0.0709
vn -0.9003 0.3971 0.1784
vn -0.9505 0.2409 0.1964
vn -0.9177 0.3019 0.2584
vn -0.9172 0.3035 0.2582
vn -0.9205 0.2922 0.2593
vn -0.9210 0.2907 0.2594
vn -0.8274 0.4142 0.3793
vn -0.8271 0.4149 0.3792
vn -0.8289 0.4105 0.3799
vn -0.8292 0.4099 0.3800
vn -0.7768 0.4614 0.4286
vn -0.8728 0.1032 0.4771
vn -0.7893 -0.0589 0.6111
vn -0.7894 -0.0574 0.6112
vn -0.7898 -0.0495 0.6113
vn -0.7899 -0.0480 0.6113
vn -0.7789 -0.0638 0.6238
vn -0.7736 -0.1150 0.6232
vn -0.7395 -0.1545 0.6552
vn -0.7032 -0.3016 0.6439
vn -0.6557 -0.3392 0.6745
vn -0.6458 -0.3646 0.6708
vn -0.6632 -0.3527 0.6601
vn -0.5907 -0.4988 0.6343
vn -0.5515 -0.5176 0.6542
vn -0.5002 -0.5909 0.6329
vn -0.6520 -0.5241 0.5480
vn -0.5313 -0.6790 0.5067
vn -0.5357 -0.6798 0.5009
vn -0.5310 -0.6772 0.5093
vn -0.5248 -0.6840 0.5066
vn -0.5244 -0.6844 0.5065
vn -0.4151 -0.7135 0.5645
vn -0.4284 -0.7016 0.5694
vn -0.4315 -0.7068 0.5606
vn -0.4285 -0.7020 0.5689
vn -0.4641 -0.6939 0.5506
vn -0.4234 -0.7296 0.5371
vn -0.3434 -0.7403 0.5779
vn -0.4129 -0.6859 0.5992
vn -0.2522 -0.6932 0.6752
vn -0.2299 -0.7072 0.6686
vn -0.1190 -0.6943 0.7097
vn -0.1195 -0.6941 0.7099
vn -0.1247 -0.6915 0.7115
vn -0.1252 -0.6913 0.7116
vn -0.1106 -0.6884 0.7169
vn 0.0108 -0.7346 0.6785
vn -0.0346 -0.7484 0.6624
vn -0.0709 -0.7360 0.6732
vn -0.0843 -0.7399 0.6674
vn 0.2021 -0.7996 0.5655
vn 0.3231 -0.7284 0.6041
vn 0.2280 -0.7273 0.6474
vn 0.1745 -0.7584 0.6279
vn 0.2780 -0.7606 0.5867
vn 0.2498 -0.7787 0.5755
vn 0.4500 -0.7543 0.4780
vn 0.5682 -0.6398 0.5175
vn 0.4783 -0.6675 0.5708
vn 0.5462 -0.5920 0.5927
vn 0.5460 -0.5918 0.5930
vn 0.5404 -0.5935 0.5964
vn 0.5401 -0.5941 0.5961
vn 0.5750 -0.5482 0.6073
vn 0.5530 -0.5578 0.6189
vn 0.5536 -0.5570 0.6191
vn 0.5485 -0.5640 0.6172
vn 0.5480 -0.5648 0.6170
vn 0.6736 -0.5019 0.5426
vn 0.7477 -0.3483 0.5653
vn 0.6613 -0.4101 0.6281
vn 0.7179 -0.2626 0.6447
vn 0.6587 -0.3102 0.6855
vn 0.6950 -0.1817 0.6957
vn 0.7279 -0.1482 0.6695
vn 0.7427 -0.0275 0.6691
vn 0.7443 -0.0254 0.6674
vn 0.7442 -0.0255 0.6675
vn 0.7457 -0.0234 0.6658
vn 0.7453 0.1051 0.6584
vn 0.7671 0.1464 0.6245
vn 0.8391 0.0276 0.5433
vn 0.8145 0.0690 0.5760
vn 0.7929 0.2240 0.5666
vn 0.8259 0.1832 0.5333
vn 0.8097 0.2572 0.5275
vn 0.7784 0.2906 0.5565
vn 0.7436 0.3895 0.5434
vn 0.8032 0.3354 0.4923
vn 0.7680 0.4233 0.4807
vn 0.8315 0.3643 0.4193
vn 0.7653 0.5053 0.3987
vn 0.7661 0.5047 0.3980
vn 0.7646 0.5059 0.3994
vn 0.6265 0.6966 0.3496
vn 0.5437 0.7348 0.4055
vn 0.5553 0.7230 0.4111
vn 0.5563 0.7226 0.4104
vn 0.5548 0.7235 0.4108
vn 0.5614 0.7163 0.4143
vn 0.5621 0.7157 0.4146
vn 0.6040 0.6975 0.3855
vn 0.5659 0.7358 0.3720
vn 0.5290 0.7500 0.3972
vn 0.4800 0.7910 0.3794
vn 0.4015 0.8102 0.4270
vn 0.2066 0.9143 0.3483
vn 0.1850 0.9147 0.3592
vn 0.3185 0.8529 0.4136
vn 0.3464 0.8497 0.3976
vn 0.1398 0.9393 0.3132
vn 0.1535 0.9395 0.3062
vn -0.0368 0.9754 0.2172
vn -0.0195 0.9777 0.2089
vn -0.1985 0.9732 0.1159
vn -0.1092 0.9912 0.0750
vn -0.2989 0.9538 -0.0293
vn -0.2662 0.9630 -0.0433
vn -0.3466 0.9336 -0.0906
vn -0.3654 0.9271 -0.0832
vn -0.3657 0.9270 -0.0833
vn -0.3728 0.9237 -0.0878
vn -0.3732 0.9236 -0.0881
vn -0.3953 0.9151 -0.0801
vn -0.4799 0.8663 -0.1390
vn -0.6450 0.7601 -0.0782
vn -0.6447 0.7604 -0.0783
vn -0.6402 0.7647 -0.0741
vn -0.6400 0.7648 -0.0737
vn -0.6653 0.7437 -0.0645
vn -0.6318 0.7744 -0.0333
vn -0.8259 0.5626 0.0380
vn -0.8191 0.5718 0.0469
vn -0.7709 0.6363 0.0296
vn -0.8742 0.4710 -0.1184
vn -0.9241 0.3699 -0.0965
vn -0.9241 0.3697 -0.0966
vn -0.9267 0.3611 -0.1037
vn -0.9268 0.3608 -0.1040
vn -0.9084 0.4031 -0.1111
vn -0.9013 0.4228 -0.0944
vn -0.9458 0.3145 -0.0811
vn -0.9366 0.3464 -0.0532
vn -0.9067 0.4176 -0.0591
vn -0.8692 0.4942 0.0150
vn -0.8866 0.4623 0.0172
vn -0.9456 0.2913 -0.1450
vn -0.9408 0.3067 -0.1446
vn -0.9923 0.1024 0.0700
vn -0.9972 0.0297 0.0693
vn -0.9841 -0.0669 0.1644
vn -0.9783 -0.1297 0.1618
vn -0.9699 -0.1557 0.1871
vn -0.9392 -0.2947 0.1761
vn -0.8937 -0.3713 0.2518
vn -0.8519 -0.4655 0.2399
vn -0.8532 -0.4640 0.2384
vn -0.8520 -0.4654 0.2399
vn -0.8507 -0.4669 0.2414
vn -0.8358 -0.4956 0.2363
vn -0.7280 -0.5930 0.3441
vn -0.7067 -0.6224 0.3364
vn -0.6014 -0.6829 0.4146
vn -0.6449 -0.6313 0.4309
vn -0.5358 -0.6800 0.5006
vn -0.6164 -0.5843 0.5279
vn -0.4836 -0.6332 0.6043
vn -0.3999 -0.7134 0.5755
vn -0.4319 -0.7070 0.5601
vn -0.3704 -0.7569 0.5384
vn -0.4323 -0.7462 0.5063
vn -0.3896 -0.7787 0.4918
vn -0.4500 -0.7673 0.4569
vn -0.1726 -0.9212 0.3487
vn -0.2869 -0.9138 0.2875
vn -0.1620 -0.9589 0.2331
vn -0.1618 -0.9588 0.2333
vn -0.1657 -0.9587 0.2311
vn -0.1659 -0.9587 0.2311
vn -0.1197 -0.9703 0.2101
vn 0.0074 -0.9618 0.2735
vn 0.0077 -0.9618 0.2736
vn 0.0129 -0.9625 0.2710
vn 0.0131 -0.9626 0.2708
vn -0.0638 -0.9704 0.2330
vn 0.1427 -0.9814 0.1288
vn 0.2341 -0.9573 0.1697
vn 0.2338 -0.9573 0.1698
vn 0.2261 -0.9584 0.1742
vn 0.2258 -0.9584 0.1744
vn 0.2928 -0.9343 0.2032
vn 0.2703 -0.9382 0.2163
vn 0.3401 -0.9078 0.2454
vn 0.4654 -0.8696 0.1650
vn 0.5029 -0.8455 0.1798
vn 0.5835 -0.8033 0.1188
vn 0.5838 -0.8031 0.1190
vn 0.5803 -0.8059 0.1176
vn 0.5800 -0.8061 0.1176
vn 0.5019 -0.8467 0.1765
vn 0.6546 -0.7191 0.2330
vn 0.7124 -0.6778 0.1819
vn 0.7015 -0.6901 0.1780
vn 0.6738 -0.7105 0.2028
vn 0.7804 -0.5774 0.2401
vn 0.7788 -0.5789 0.2418
vn 0.7788 -0.5788 0.2417
vn 0.7772 -0.5803 0.2434
vn 0.8247 -0.5023 0.2598
vn 0.7772 -0.5480 0.3093
vn 0.8551 -0.3944 0.3365
vn 0.8400 -0.4114 0.3538
vn 0.9061 -0.1934 0.3762
vn 0.8548 -0.2663 0.4454
vn 0.8896 -0.0395 0.4551
vn 0.8818 -0.0541 0.4685
vn 0.8747 0.1507 0.4607
vn 0.8379 0.0596 0.5425
vn 0.9995 -0.0059 0.0312
vn 0.9967 0.0356 0.0723
vn 0.9671 0.2451 0.0681
vn 0.9627 0.2582 0.0812
vn 0.9566 0.2800 0.0804
vn 0.9497 0.2975 0.0980
vn 0.8871 0.4533 0.0867
vn 0.8862 0.4547 0.0883
vn 0.8880 0.4518 0.0852
vn 0.8279 0.5557 0.0760
vn 0.8769 0.4806 -0.0048
vn 0.8478 0.5302 -0.0096
vn 0.8348 0.5505 0.0119
vn 0.6771 0.7358 -0.0125
vn 0.6772 0.7357 -0.0126
vn 0.6770 0.7359 -0.0123
vn 0.7020 0.7121 -0.0083
vn 0.6141 0.7842 0.0886
vn 0.5631 0.8225 0.0796
vn 0.6174 0.7863 0.0249
vn 0.6172 0.7864 0.0249
vn 0.6165 0.7870 0.0248
vn 0.6163 0.7871 0.0247
vn 0.6036 0.7964 0.0379
vn 0.5515 0.8337 0.0274
vn 0.5123 0.8563 0.0649
vn 0.3256 0.9451 0.0273
vn 0.2256 0.9683 0.1077
vn 0.3362 0.9332 0.1268
vn 0.3321 0.9342 0.1302
vn 0.3360 0.9333 0.1269
vn 0.3401 0.9322 0.1236
vn 0.0203 0.9984 0.0527
vn 0.1460 0.9884 -0.0426
vn -0.1138 0.9884 -0.1006
vn -0.0322 0.9867 -0.1595
vn -0.0568 0.9846 -0.1652
vn -0.1948 0.9785 -0.0679
vn -0.0957 0.9945 -0.0418
vn -0.3006 0.9477 0.1073
vn -0.3686 0.9256 0.0859
vn -0.3492 0.9343 0.0713
vn -0.4478 0.8933 0.0384
vn -0.3743 0.9272 -0.0161
vn -0.4420 0.8961 -0.0395
vn -0.4845 0.8747 -0.0083
vn -0.5916 0.8046 -0.0506
vn -0.6427 0.7661 -0.0099
vn -0.6803 0.7324 -0.0275
vn -0.6309 0.7729 -0.0670
vn -0.7482 0.6513 -0.1269
vn -0.8164 0.5738 -0.0649
vn -0.8262 0.5588 -0.0716
vn -0.8820 0.4712 -0.0104
vn -0.8943 0.4469 -0.0214
vn -0.9331 0.3579 0.0343
vn -0.9191 0.3909 0.0498
vn -0.9048 0.4248 0.0292
vn -0.9354 0.3536 -0.0038
vn -0.9353 0.3537 -0.0043
vn -0.9376 0.3476 -0.0004
vn -0.9378 0.3472 -0.0005
vn -0.9235 0.3832 0.0168
vn -0.8703 0.4901 -0.0483
vn -0.9352 0.3290 -0.1314
vn -0.9492 0.2938 -0.1130
vn -0.9626 0.2287 -0.1453
vn -0.9359 0.3024 -0.1808
vn -0.9528 0.0784 -0.2932
vn -0.9627 0.0191 -0.2698
vn -0.9484 -0.0657 -0.3102
vn -0.9493 -0.1334 -0.2847
vn -0.9214 -0.2140 -0.3243
vn -0.9107 -0.2873 -0.2969
vn -0.9121 -0.2846 -0.2952
vn -0.9153 -0.2776 -0.2917
vn -0.9165 -0.2740 -0.2913
vn -0.8605 -0.4601 -0.2189
vn -0.9110 -0.3766 -0.1679
vn -0.8548 -0.5066 -0.1128
vn -0.8470 -0.5178 -0.1204
vn -0.7539 -0.6546 -0.0565
vn -0.8234 -0.5675 0.0096
vn -0.7143 -0.6959 0.0740
vn -0.7766 -0.6151 0.1359
vn -0.7094 -0.6833 0.1725
vn -0.6767 -0.7226 0.1414
vn -0.4849 -0.8466 0.2196
vn -0.5031 -0.8317 0.2347
vn -0.4274 -0.8657 0.2607
vn -0.3530 -0.9136 0.2020
vn -0.4362 -0.8827 0.1747
vn -0.1903 -0.9817 -0.0085
vn -0.1901 -0.9817 -0.0086
vn -0.1920 -0.9814 -0.0090
vn -0.1922 -0.9813 -0.0092
vn -0.1242 -0.9906 -0.0572
vn -0.1243 -0.9906 -0.0566
vn -0.1243 -0.9909 -0.0522
vn -0.1672 -0.9835 -0.0694
vn -0.1676 -0.9834 -0.0692
vn -0.1675 -0.9834 -0.0692
vn -0.1679 -0.9834 -0.0689
vn -0.1199 -0.9912 -0.0563
vn -0.0056 -0.9905 -0.1371
vn 0.0145 -0.9911 -0.1322
vn -0.0219 -0.9941 -0.1060
vn 0.1430 -0.9873 -0.0690
vn 0.1884 -0.9766 -0.1036
vn 0.2287 -0.9689 -0.0949
vn 0.2737 -0.9530 -0.1299
vn 0.2730 -0.9532 -0.1301
vn 0.2785 -0.9517 -0.1290
vn 0.2792 -0.9515 -0.1289
vn 0.2226 -0.9714 -0.0827
vn 0.4702 -0.8818 -0.0361
vn 0.5285 -0.8440 -0.0917
vn 0.5837 -0.8080 -0.0805
vn 0.6000 -0.7940 -0.0979
vn 0.5136 -0.8506 -0.1127
vn 0.5786 -0.7952 -0.1811
vn 0.7133 -0.6826 -0.1590
vn 0.6928 -0.7088 -0.1331
vn 0.6935 -0.7081 -0.1329
vn 0.6887 -0.7126 -0.1337
vn 0.6880 -0.7133 -0.1337
vn 0.7067 -0.6894 -0.1591
vn 0.7950 -0.5884 -0.1475
vn 0.7634 -0.6387 -0.0965
vn 0.8204 -0.5647 -0.0898
vn 0.8087 -0.5840 -0.0698
vn 0.8996 -0.4327 -0.0594
vn 0.8847 -0.4654 -0.0267
vn 0.9557 -0.2938 -0.0176
vn 0.9621 -0.2697 -0.0408
vn 0.9968 -0.0720 -0.0338
vn 0.9848 -0.1644 0.0561
vn 0.9966 0.0571 0.0592
vn 0.9959 0.0849 0.0311
vn 0.9913 -0.0048 -0.1316
vn 0.9697 0.0930 -0.2258
vn 0.9455 0.2367 -0.2238
vn 0.9693 0.1804 -0.1672
vn 0.9464 0.2765 -0.1668
vn 0.9016 0.3538 -0.2488
vn 0.8640 0.4391 -0.2464
vn 0.8901 0.4054 -0.2080
vn 0.8146 0.5425 -0.2053
vn 0.7867 0.5688 -0.2399
vn 0.8226 0.5150 -0.2408
vn 0.8591 0.4750 -0.1906
vn 0.6671 0.7206 -0.1887
vn 0.6963 0.7008 -0.1550
vn 0.6967 0.7004 -0.1551
vn 0.6921 0.7046 -0.1565
vn 0.6925 0.7043 -0.1564
vn 0.6913 0.7052 -0.1578
vn 0.5596 0.8138 -0.1567
vn 0.5936 0.7958 -0.1199
vn 0.6109 0.7826 -0.1199
vn 0.6084 0.7841 -0.1227
vn 0.6085 0.7840 -0.1227
vn 0.6059 0.7856 -0.1256
vn 0.5457 0.8284 -0.1265
vn 0.4545 0.8633 -0.2196
vn 0.3186 0.9221 -0.2195
vn 0.2961 0.9245 -0.2400
vn 0.3222 0.9158 -0.2399
vn 0.3228 0.9159 -0.2388
vn 0.3236 0.9156 -0.2386
vn 0.3248 0.9142 -0.2423
vn 0.0239 0.9716 -0.2355
vn 0.0598 0.9774 -0.2026
vn -0.1104 0.9739 -0.1982
vn -0.0941 0.9787 -0.1825
vn -0.0566 0.9815 -0.1831
vn -0.1025 0.9682 -0.2283
vn -0.1038 0.9680 -0.2283
vn -0.0958 0.9689 -0.2283
vn -0.0945 0.9690 -0.2283
vn -0.1363 0.9536 -0.2684
vn -0.3527 0.8973 -0.2655
vn -0.3539 0.8970 -0.2647
vn -0.3618 0.8911 -0.2739
vn -0.3614 0.8910 -0.2747
vn -0.4283 0.8616 -0.2726
vn -0.3556 0.9148 -0.1914
vn -0.4344 0.8801 -0.1915
vn -0.4668 0.8540 -0.2298
vn -0.5758 0.7850 -0.2286
vn -0.5952 0.7620 -0.2553
vn -0.6571 0.7098 -0.2538
vn -0.6630 0.7008 -0.2633
vn -0.7274 0.6345 -0.2615
vn -0.7387 0.6115 -0.2837
vn -0.7938 0.5392 -0.2814
vn -0.8070 0.4979 -0.3177
vn -0.8475 0.4274 -0.3147
vn -0.8470 0.4301 -0.3124
vn -0.8465 0.4325 -0.3106
vn -0.8465 0.4326 -0.3103
vn -0.8742 0.3748 -0.3086
vn -0.8594 0.4511 -0.2408
vn -0.9077 0.3435 -0.2409
vn -0.8954 0.4067 -0.1812
vn -0.9093 0.3744 -0.1818
vn -0.9031 0.3999 -0.1564
vn -0.9316 0.3271 -0.1585
vn -0.9321 0.3240 -0.1616
vn -0.9321 0.3241 -0.1615
vn -0.9327 0.3210 -0.1646
vn -0.9593 0.2274 -0.1675
vn -0.9604 0.1942 -0.1998
vn -0.9758 0.0817 -0.2030
vn -0.9740 0.0677 -0.2164
vn -0.9734 -0.0665 -0.2194
vn -0.9584 -0.1114 -0.2627
vn -0.9396 -0.2180 -0.2637
vn -0.9238 -0.2469 -0.2927
vn -0.9233 -0.2468 -0.2944
vn -0.9205 -0.2461 -0.3036
vn -0.9162 -0.2756 -0.2909
vn -0.9157 -0.2732 -0.2948
vn -0.8834 -0.3664 -0.2921
vn -0.9115 -0.3276 -0.2487
vn -0.8254 -0.5050 -0.2525
vn -0.8834 -0.4372 -0.1690
vn -0.8104 -0.5603 -0.1713
vn -0.7747 -0.5938 -0.2174
vn -0.7624 -0.6093 -0.2177
vn -0.7433 -0.6243 -0.2404
vn -0.6610 -0.7100 -0.2428
vn -0.6636 -0.7085 -0.2400
vn -0.6635 -0.7086 -0.2402
vn -0.6661 -0.7071 -0.2374
vn -0.5040 -0.8300 -0.2389
vn -0.5357 -0.8184 -0.2080
vn -0.3568 -0.9111 -0.2064
vn -0.4242 -0.8945 -0.1412
vn -0.1906 -0.9719 -0.1379
vn -0.2768 -0.9595 -0.0526
vn -0.1242 -0.9909 -0.0516
vn -0.1681 -0.9857 -0.0079
vn -0.1675 -0.9858 -0.0079
vn -0.1683 -0.9857 -0.0079
vn -0.1684 -0.9857 -0.0079
vn -0.1016 -0.9920 -0.0744
vn -0.0054 -0.9972 -0.0740
vn -0.0231 -0.9982 -0.0561
vn -0.0235 -0.9981 -0.0561
vn -0.0227 -0.9982 -0.0561
vn -0.0224 -0.9982 -0.0561
vn -0.0507 -0.9983 -0.0281
vn 0.1896 -0.9814 -0.0284
vn 0.1882 -0.9818 -0.0269
vn 0.1867 -0.9821 -0.0254
vn 0.2754 -0.9610 -0.0254
vn 0.3150 -0.9467 -0.0671
vn 0.2226 -0.9726 -0.0668
vn 0.2647 -0.9579 -0.1109
vn 0.2647 -0.9577 -0.1127
vn 0.2644 -0.9567 -0.1220
vn 0.5273 -0.8424 -0.1112
vn 0.4717 -0.8806 -0.0448
vn 0.6027 -0.7967 -0.0447
vn 0.6295 -0.7728 -0.0804
vn 0.5860 -0.8063 -0.0804
vn 0.5848 -0.8073 -0.0790
vn 0.5849 -0.8073 -0.0790
vn 0.5837 -0.8083 -0.0775
vn 0.6976 -0.7122 -0.0781
vn 0.7309 -0.6699 -0.1307
vn 0.7095 -0.6925 -0.1306
vn 0.7391 -0.6486 -0.1815
vn 0.7549 -0.6302 -0.1818
vn 0.7794 -0.5815 -0.2332
vn 0.7899 -0.5671 -0.2336
vn 0.7807 -0.5879 -0.2119
vn 0.8651 -0.4523 -0.2168
vn 0.8640 -0.4562 -0.2130
vn 0.8640 -0.4561 -0.2131
vn 0.8629 -0.4600 -0.2093
vn 0.9410 -0.2637 -0.2122
vn 0.9385 -0.2895 -0.1880
vn 0.9687 -0.1614 -0.1885
vn 0.9686 -0.1568 -0.1928
vn 0.9683 -0.1532 -0.1975
vn 0.9685 -0.1524 -0.1970
vn 0.9778 0.0800 -0.1939
vn 0.9912 0.0153 -0.1316
vn 0.9744 0.0934 -0.2045
vn 0.9477 0.1656 -0.2728
vn 0.9480 0.1639 -0.2728
vn 0.9462 0.1744 -0.2726
vn 0.9459 0.1760 -0.2726
vn 0.9043 0.2505 -0.3458
vn 0.8747 0.3433 -0.3422
vn 0.9207 0.2781 -0.2737
vn 0.8757 0.3989 -0.2720
vn 0.8566 0.4213 -0.2978
vn 0.7750 0.5604 -0.2921
vn 0.8207 0.5194 -0.2381
vn 0.8499 0.4700 -0.2384
vn 0.6943 0.5927 -0.4082
vn 0.6448 0.6482 -0.4049
vn 0.6447 0.6483 -0.4051
vn 0.6406 0.6523 -0.4051
vn 0.6400 0.6529 -0.4051
vn 0.6579 0.6447 -0.3892
vn 0.6578 0.6447 -0.3895
vn 0.6575 0.6444 -0.3905
vn 0.5509 0.7386 -0.3886
vn 0.5618 0.7349 -0.3799
vn 0.5612 0.7353 -0.3799
vn 0.5644 0.7329 -0.3799
vn 0.5650 0.7325 -0.3798
vn 0.6584 0.6952 -0.2885
vn 0.4450 0.8453 -0.2957
vn 0.4729 0.8388 -0.2698
vn 0.2937 0.9171 -0.2694
vn 0.3227 0.9147 -0.2432
vn 0.3243 0.9141 -0.2433
vn 0.2309 0.9160 -0.3281
vn 0.0578 0.9439 -0.3251
vn 0.1152 0.9547 -0.2744
vn -0.0922 0.9586 -0.2693
vn -0.1127 0.9504 -0.2899
vn -0.1144 0.9502 -0.2899
vn -0.1038 0.9513 -0.2902
vn -0.1021 0.9515 -0.2903
vn -0.0411 0.9718 -0.2321
vn -0.1376 0.9629 -0.2324
vn -0.2293 0.9181 -0.3233
vn -0.3562 0.8783 -0.3189
vn -0.2674 0.9371 -0.2244
vn -0.3530 0.9083 -0.2242
vn -0.3194 0.9290 -0.1868
vn -0.4712 0.8620 -0.1869
vn -0.4574 0.8728 -0.1702
vn -0.6067 0.7768 -0.1688
vn -0.6243 0.7568 -0.1938
vn -0.6744 0.7128 -0.1926
vn -0.6745 0.7127 -0.1927
vn -0.6746 0.7125 -0.1929
vn -0.7561 0.6259 -0.1910
vn -0.7737 0.5916 -0.2265
vn -0.8295 0.5118 -0.2236
vn -0.8303 0.5095 -0.2258
vn -0.8311 0.5072 -0.2281
vn -0.8674 0.4433 -0.2261
vn -0.8630 0.4595 -0.2098
vn -0.8626 0.4603 -0.2098
vn -0.8653 0.4553 -0.2097
vn -0.8657 0.4545 -0.2097
vn -0.8755 0.4150 -0.2476
vn -0.8821 0.4007 -0.2476
vn -0.8823 0.3996 -0.2487
vn -0.8823 0.3997 -0.2486
vn -0.8850 0.3929 -0.2498
vn -0.8854 0.3920 -0.2499
vn -0.8901 0.3566 -0.2839
vn -0.9061 0.3118 -0.2859
vn -0.9066 0.2818 -0.3142
vn -0.9292 0.1879 -0.3184
vn -0.9310 0.2061 -0.3013
vn -0.9493 0.0660 -0.3073
vn -0.9368 0.0211 -0.3491
vn -0.9299 -0.1080 -0.3516
vn -0.9514 -0.0573 -0.3027
vn -0.9199 -0.2459 -0.3054
vn -0.9258 -0.2360 -0.2952
vn -0.9259 -0.2360 -0.2951
vn -0.9263 -0.2348 -0.2946
vn -0.9154 -0.2732 -0.2956
vn -0.8863 -0.3144 -0.3400
vn -0.8866 -0.3138 -0.3399
vn -0.8852 -0.3175 -0.3401
vn -0.8850 -0.3181 -0.3400
vn -0.9184 -0.2723 -0.2872
vn -0.9181 -0.2721 -0.2880
vn -0.9151 -0.2710 -0.2985
vn -0.8567 -0.4240 -0.2939
vn -0.8551 -0.4256 -0.2960
vn -0.8552 -0.4255 -0.2959
vn -0.8536 -0.4272 -0.2980
vn -0.7567 -0.5801 -0.3015
vn -0.7762 -0.5652 -0.2794
vn -0.7350 -0.6173 -0.2806
vn -0.6882 -0.6462 -0.3300
vn -0.6471 -0.6869 -0.3310
vn -0.6878 -0.6658 -0.2892
vn -0.5237 -0.8000 -0.2929
vn -0.5712 -0.7829 -0.2467
vn -0.4152 -0.8755 -0.2471
vn -0.3876 -0.8806 -0.2725
vn -0.2668 -0.9251 -0.2700
vn -0.3547 -0.9158 -0.1885
vn -0.1645 -0.9685 -0.1867
vn -0.1918 -0.9682 -0.1609
vn -0.1006 -0.9820 -0.1600
vn -0.0557 -0.9777 -0.2025
vn -0.0230 -0.9791 -0.2021
vn -0.1060 -0.9869 -0.1214
vn -0.0503 -0.9913 -0.1219
vn -0.0011 -0.9853 -0.1710
vn 0.1840 -0.9679 -0.1714
vn 0.1515 -0.9787 -0.1382
vn 0.3127 -0.9398 -0.1377
vn 0.2999 -0.9459 -0.1239
vn 0.2643 -0.9565 -0.1238
vn 0.3465 -0.9132 -0.2143
vn 0.4612 -0.8611 -0.2141
vn 0.4703 -0.8533 -0.2253
vn 0.6157 -0.7559 -0.2226
vn 0.5691 -0.8074 -0.1557
vn 0.5676 -0.8085 -0.1556
vn 0.5768 -0.8019 -0.1557
vn 0.5783 -0.8008 -0.1557
vn 0.6690 -0.6827 -0.2940
vn 0.7049 -0.6460 -0.2930
vn 0.7056 -0.6445 -0.2944
vn 0.7056 -0.6446 -0.2944
vn 0.7063 -0.6431 -0.2958
vn 0.7180 -0.6301 -0.2958
vn 0.6980 -0.6689 -0.2556
vn 0.6978 -0.6691 -0.2558
vn 0.6963 -0.6678 -0.2631
vn 0.7744 -0.5778 -0.2579
vn 0.7757 -0.5745 -0.2611
vn 0.7766 -0.5735 -0.2608
vn 0.7714 -0.5789 -0.2641
vn 0.7705 -0.5802 -0.2640
vn 0.7755 -0.5671 -0.2776
vn 0.8464 -0.4512 -0.2829
vn 0.8397 -0.4792 -0.2555
vn 0.9225 -0.2846 -0.2607
vn 0.9163 -0.3457 -0.2023
vn 0.9670 -0.1521 -0.2044
vn 0.9540 -0.0531 -0.2950
vn 0.9559 0.0148 -0.2933
vn 0.9755 -0.0800 -0.2048
vn 0.9004 0.1575 -0.4056
vn 0.8923 0.1713 -0.4177
vn 0.8774 0.2439 -0.4131
vn 0.8854 0.2325 -0.4026
vn 0.8769 0.2653 -0.4007
vn 0.8230 0.3296 -0.4626
vn 0.7976 0.3941 -0.4567
vn 0.7177 0.4592 -0.5234
vn 0.7176 0.4594 -0.5235
vn 0.7182 0.4583 -0.5236
vn 0.7183 0.4581 -0.5236
vn 0.7526 0.4330 -0.4962
vn 0.6669 0.5708 -0.4789
vn 0.6774 0.5649 -0.4711
vn 0.6253 0.6302 -0.4603
vn 0.7038 0.5883 -0.3982
vn 0.6575 0.6443 -0.3906
vn 0.6996 0.6208 -0.3537
vn 0.5724 0.7496 -0.3324
vn 0.6564 0.7083 -0.2599
vn 0.6555 0.7092 -0.2596
vn 0.6625 0.7022 -0.2609
vn 0.6634 0.7013 -0.2609
vn 0.5960 0.7350 -0.3234
vn 0.4682 0.8303 -0.3021
vn 0.3666 0.8504 -0.3775
vn 0.3092 0.8777 -0.3661
vn 0.2269 0.8787 -0.4200
vn 0.2276 0.8785 -0.4200
vn 0.2224 0.8803 -0.4190
vn 0.2218 0.8806 -0.4188
vn 0.2035 0.8793 -0.4306
vn 0.1086 0.9051 -0.4111
vn 0.1648 0.9128 -0.3736
vn -0.1141 0.9448 -0.3071
vn -0.0378 0.9665 -0.2540
vn -0.0376 0.9664 -0.2541
vn -0.0405 0.9665 -0.2533
vn -0.0409 0.9665 -0.2533
vn -0.0573 0.9625 -0.2652
vn -0.2355 0.9472 -0.2175
vn -0.2017 0.9603 -0.1928
vn -0.2702 0.9471 -0.1731
vn -0.2711 0.9470 -0.1724
vn -0.2797 0.9432 -0.1789
vn -0.2794 0.9432 -0.1799
vn -0.3206 0.9323 -0.1675
vn -0.3831 0.8983 -0.2152
vn -0.3836 0.8992 -0.2104
vn -0.3835 0.8992 -0.2105
vn -0.4556 0.8695 -0.1908
vn -0.4560 0.8699 -0.1881
vn -0.4557 0.8694 -0.1909
vn -0.4561 0.8701 -0.1868
vn -0.6309 0.7662 -0.1221
vn -0.6712 0.7243 -0.1575
vn -0.6707 0.7248 -0.1578
vn -0.6785 0.7183 -0.1540
vn -0.6791 0.7177 -0.1538
vn -0.7171 0.6705 -0.1904
vn -0.7844 0.6011 -0.1529
vn -0.7855 0.5994 -0.1541
vn -0.7865 0.5978 -0.1551
vn -0.7865 0.5977 -0.1552
vn -0.8471 0.5188 -0.1152
vn -0.8559 0.5014 -0.1265
vn -0.8764 0.4687 -0.1106
vn -0.8957 0.4223 -0.1391
vn -0.8958 0.4221 -0.1391
vn -0.8946 0.4243 -0.1400
vn -0.8946 0.4244 -0.1402
vn -0.8901 0.4359 -0.1333
vn -0.8913 0.4365 -0.1222
vn -0.8901 0.4360 -0.1327
vn -0.9052 0.4078 -0.1198
vn -0.9153 0.3788 -0.1370
vn -0.9168 0.3775 -0.1301
vn -0.9153 0.3788 -0.1366
vn -0.9210 0.3669 -0.1313
vn -0.9424 0.2824 -0.1793
vn -0.9425 0.2819 -0.1793
vn -0.9396 0.2896 -0.1826
vn -0.9394 0.2899 -0.1830
vn -0.9465 0.2484 -0.2059
vn -0.9594 0.2102 -0.1881
vn -0.9642 0.1024 -0.2446
vn -0.9783 0.0208 -0.2063
vn -0.9602 -0.0955 -0.2624
vn -0.9582 -0.0579 -0.2803
vn -0.9296 -0.1634 -0.3304
vn -0.9262 -0.2352 -0.2946
vn -0.9265 -0.2345 -0.2943
vn -0.9130 -0.3235 -0.2485
vn -0.9007 -0.3479 -0.2601
vn -0.9148 -0.2709 -0.2995
vn -0.8107 -0.4422 -0.3837
vn -0.8200 -0.4089 -0.4004
vn -0.7550 -0.4870 -0.4392
vn -0.7363 -0.5351 -0.4142
vn -0.7357 -0.5357 -0.4144
vn -0.7359 -0.5355 -0.4144
vn -0.7353 -0.5361 -0.4146
vn -0.6817 -0.6400 -0.3544
vn -0.6811 -0.6405 -0.3547
vn -0.6713 -0.6488 -0.3584
vn -0.6723 -0.6480 -0.3579
vn -0.6717 -0.6490 -0.3573
vn -0.5939 -0.7033 -0.3908
vn -0.5518 -0.7551 -0.3540
vn -0.4001 -0.8229 -0.4035
vn -0.3718 -0.8464 -0.3813
vn -0.3539 -0.8517 -0.3864
vn -0.3353 -0.8653 -0.3726
vn -0.1586 -0.8952 -0.4166
vn -0.1738 -0.8872 -0.4274
vn -0.1352 -0.8897 -0.4361
vn -0.0507 -0.9245 -0.3777
vn -0.0695 -0.9250 -0.3736
vn -0.0697 -0.9223 -0.3801
vn -0.0700 -0.9248 -0.3738
vn -0.0998 -0.9137 -0.3938
vn -0.1571 -0.9123 -0.3783
vn -0.1570 -0.9073 -0.3901
vn -0.1574 -0.9121 -0.3786
vn -0.0017 -0.9618 -0.2739
vn 0.1931 -0.9286 -0.3170
vn 0.1431 -0.9249 -0.3523
vn 0.1611 -0.9204 -0.3562
vn 0.2922 -0.9196 -0.2626
vn 0.4222 -0.8599 -0.2870
vn 0.3315 -0.8739 -0.3556
vn 0.4693 -0.7973 -0.3796
vn 0.4432 -0.8028 -0.3989
vn 0.4407 -0.7995 -0.4081
vn 0.4439 -0.8023 -0.3990
vn 0.4438 -0.8019 -0.4000
vn 0.5442 -0.7741 -0.3233
vn 0.5775 -0.7472 -0.3291
vn 0.6796 -0.6944 -0.2366
vn 0.7063 -0.6656 -0.2411
vn 0.7199 -0.6559 -0.2271
vn 0.7308 -0.6431 -0.2290
vn 0.6965 -0.6675 -0.2633
vn 0.8059 -0.5202 -0.2827
vn 0.8037 -0.5189 -0.2912
vn 0.8056 -0.5201 -0.2837
vn 0.7597 -0.5592 -0.3318
vn 0.7904 -0.5112 -0.3376
vn 0.7452 -0.5472 -0.3811
vn 0.8198 -0.4121 -0.3975
vn 0.7799 -0.4486 -0.4365
vn 0.8561 -0.2487 -0.4530
vn 0.8051 -0.3073 -0.5074
vn 0.8404 -0.1670 -0.5156
vn 0.9102 -0.0493 -0.4112
vn 0.9085 -0.0753 -0.4112
vn 0.9088 -0.0763 -0.4103
vn 0.9087 -0.0762 -0.4104
vn 0.9090 -0.0772 -0.4095
vn 0.8115 0.1608 -0.5618
vn 0.8087 0.1647 -0.5648
vn 0.8060 0.1680 -0.5676
vn 0.8059 0.1684 -0.5676
vn 0.7980 0.2135 -0.5636
vn 0.7285 0.2894 -0.6209
vn 0.7288 0.2884 -0.6210
vn 0.7269 0.2951 -0.6201
vn 0.7267 0.2960 -0.6199
vn 0.7547 0.2690 -0.5984
vn 0.6895 0.4445 -0.5717
vn 0.7387 0.4071 -0.5372
vn 0.7388 0.4071 -0.5371
vn 0.7394 0.4075 -0.5360
vn 0.7322 0.4217 -0.5348
vn 0.6866 0.4545 -0.5675
vn 0.6398 0.5364 -0.5504
vn 0.6953 0.5032 -0.5132
vn 0.6633 0.5545 -0.5025
vn 0.6816 0.5439 -0.4894
vn 0.6570 0.5800 -0.4816
vn 0.6202 0.5985 -0.5071
vn 0.5917 0.6338 -0.4982
vn 0.5639 0.6448 -0.5160
vn 0.5457 0.6645 -0.5105
vn 0.4495 0.6912 -0.5658
vn 0.3349 0.7812 -0.5269
vn 0.4486 0.7626 -0.4661
vn 0.2324 0.8940 -0.3831
vn 0.2327 0.8940 -0.3829
vn 0.2421 0.8936 -0.3780
vn 0.2425 0.8935 -0.3780
vn 0.2102 0.9072 -0.3644
vn 0.2423 0.9059 -0.3474
vn 0.1680 0.9338 -0.3159
vn 0.0691 0.9284 -0.3652
vn -0.0378 0.9483 -0.3152
vn -0.0783 0.9394 -0.3337
vn -0.0554 0.9371 -0.3448
vn -0.0990 0.9260 -0.3644
vn -0.0990 0.9284 -0.3580
vn -0.1042 0.9267 -0.3612
vn -0.1956 0.9286 -0.3155
vn -0.1796 0.9341 -0.3085
vn -0.2744 0.9267 -0.2568
vn -0.2889 0.9205 -0.2629
vn -0.2878 0.9187 -0.2705
vn -0.2886 0.9206 -0.2633
vn -0.3839 0.9002 -0.2057
vn -0.4075 0.8875 -0.2152
vn -0.4565 0.8708 -0.1827
vn -0.5136 0.8332 -0.2048
vn -0.6756 0.7336 -0.0736
vn -0.7728 0.6244 -0.1134
vn -0.7734 0.6259 -0.1006
vn -0.7729 0.6245 -0.1125
vn -0.7197 0.6736 -0.1684
vn -0.7198 0.6735 -0.1684
vn -0.7208 0.6723 -0.1688
vn -0.7208 0.6722 -0.1688
vn -0.7919 0.6034 -0.0937
vn -0.8051 0.5850 -0.0985
vn -0.8614 0.5073 -0.0228
vn -0.9160 0.3987 -0.0447
vn -0.9018 0.4264 -0.0709
vn -0.9176 0.3900 -0.0767
vn -0.8914 0.4365 -0.1216
vn -0.9160 0.3760 -0.1398
vn -0.9167 0.3777 -0.1306
vn -0.9626 0.2277 -0.1465
vn -0.9389 0.2812 -0.1983
vn -0.9594 0.1945 -0.2043
vn -0.9349 0.2470 -0.2548
vn -0.9596 0.1023 -0.2620
vn -0.9363 0.0102 -0.3510
vn -0.9323 -0.0926 -0.3497
vn -0.9476 -0.0557 -0.3146
vn -0.9361 -0.1647 -0.3108
vn -0.9125 -0.2080 -0.3523
vn -0.9080 -0.2289 -0.3509
vn -0.9091 -0.2271 -0.3491
vn -0.9091 -0.2272 -0.3492
vn -0.9102 -0.2254 -0.3474
vn -0.8786 -0.3383 -0.3370
vn -0.8673 -0.3525 -0.3515
vn -0.8262 -0.4510 -0.3375
vn -0.7066 -0.5497 -0.4457
vn -0.7466 -0.4812 -0.4594
vn -0.6768 -0.5276 -0.5134
vn -0.6928 -0.5015 -0.5182
vn -0.5993 -0.5507 -0.5810
vn -0.5909 -0.5621 -0.5786
vn -0.5329 -0.5844 -0.6119
vn -0.5162 -0.6038 -0.6074
vn -0.3661 -0.6382 -0.6772
vn -0.3237 -0.6741 -0.6639
vn -0.3826 -0.6671 -0.6392
vn -0.3023 -0.7283 -0.6150
vn -0.4129 -0.7172 -0.5614
vn -0.1527 -0.8705 -0.4678
vn -0.2436 -0.8720 -0.4245
vn -0.1393 -0.9139 -0.3812
vn -0.1067 -0.9116 -0.3969
vn -0.0693 -0.9222 -0.3804
vn -0.0987 -0.9253 -0.3662
vn -0.1568 -0.9071 -0.3906
vn 0.0207 -0.8792 -0.4760
vn 0.0207 -0.8806 -0.4734
vn 0.0208 -0.8806 -0.4734
vn 0.1881 -0.8979 -0.3980
vn 0.1884 -0.8978 -0.3982
vn 0.1929 -0.8960 -0.4000
vn 0.1932 -0.8959 -0.4001
vn 0.1557 -0.8948 -0.4184
vn 0.2104 -0.8723 -0.4414
vn 0.2113 -0.8757 -0.4343
vn 0.2103 -0.8724 -0.4412
vn 0.4174 -0.8477 -0.3274
vn 0.5086 -0.7813 -0.3619
vn 0.4675 -0.7939 -0.3888
vn 0.4681 -0.7935 -0.3889
vn 0.4736 -0.7893 -0.3909
vn 0.4740 -0.7888 -0.3912
vn 0.4413 -0.7977 -0.4109
vn 0.4842 -0.7636 -0.4272
vn 0.5670 -0.7338 -0.3744
vn 0.6828 -0.6015 -0.4148
vn 0.6567 -0.6162 -0.4348
vn 0.6261 -0.6544 -0.4241
vn 0.6257 -0.6542 -0.4249
vn 0.6259 -0.6542 -0.4246
vn 0.6964 -0.6140 -0.3716
vn 0.7116 -0.5928 -0.3770
vn 0.8035 -0.5186 -0.2922
vn 0.8163 -0.4957 -0.2967
vn 0.7966 -0.5147 -0.3171
vn 0.8604 -0.3801 -0.3394
vn 0.8283 -0.4159 -0.3755
vn 0.9026 -0.1582 -0.4003
vn 0.8416 -0.2446 -0.4816
vn 0.8663 -0.1023 -0.4890
vn 0.8243 -0.1641 -0.5419
vn 0.8348 -0.0721 -0.5458
vn 0.8214 -0.0428 -0.5687
vn 0.7551 0.1620 -0.6353
vn 0.7809 0.1288 -0.6112
vn 0.7490 0.2938 -0.5938
vn 0.8053 0.2336 -0.5449
vn 0.7933 0.2812 -0.5400
vn 0.7803 0.2943 -0.5518
vn 0.7395 0.4074 -0.5359
vn 0.7651 0.3862 -0.5152
vn 0.7235 0.4762 -0.4999
vn 0.7402 0.4640 -0.4867
vn 0.7122 0.5151 -0.4769
vn 0.7705 0.4728 -0.4276
vn 0.7127 0.5704 -0.4083
vn 0.6765 0.5927 -0.4371
vn 0.6493 0.6289 -0.4277
vn 0.6301 0.6386 -0.4418
vn 0.5927 0.6817 -0.4289
vn 0.5453 0.7002 -0.4609
vn 0.4874 0.7539 -0.4405
vn 0.5370 0.7383 -0.4081
vn 0.4655 0.7982 -0.3823
vn 0.3161 0.8248 -0.4688
vn 0.3170 0.8270 -0.4643
vn 0.3176 0.8292 -0.4599
vn 0.2349 0.8686 -0.4363
vn 0.1806 0.8680 -0.4626
vn 0.2295 0.8455 -0.4821
vn 0.2568 0.8457 -0.4678
vn 0.0683 0.9177 -0.3912
vn -0.0147 0.9032 -0.4290
vn -0.0774 0.9135 -0.3994
vn -0.0437 0.9221 -0.3844
vn -0.0995 0.9284 -0.3581
vn -0.1039 0.9271 -0.3600
vn -0.1784 0.9295 -0.3228
vn -0.1789 0.9294 -0.3229
vn -0.1855 0.9271 -0.3257
vn -0.1858 0.9269 -0.3261
vn -0.2881 0.9185 -0.2709
vn -0.3604 0.8830 -0.3008
vn -0.4003 0.8736 -0.2766
vn -0.4266 0.8576 -0.2871
vn -0.5102 0.8282 -0.2319
vn -0.5934 0.7606 -0.2633
vn -0.5936 0.7606 -0.2630
vn -0.5984 0.7585 -0.2581
vn -0.7734 0.6261 -0.0998
vn -0.7526 0.6520 -0.0917
vn -0.7260 0.6774 -0.1187
vn -0.7361 0.6657 -0.1222
vn -0.8079 0.5877 -0.0433
vn -0.9215 0.3788 -0.0861
vn -0.9132 0.3947 -0.1013
vn -0.9325 0.3445 -0.1089
vn -0.9104 0.3860 -0.1489
vn -0.9105 0.3858 -0.1490
vn -0.9110 0.3844 -0.1492
vn -0.9111 0.3843 -0.1491
vn -0.9158 0.3760 -0.1412
vn -0.9755 0.1500 -0.1610
vn -0.9464 0.2241 -0.2327
vn -0.9606 0.1449 -0.2372
vn -0.9397 0.1928 -0.2826
vn -0.9575 0.0103 -0.2883
vn -0.9736 0.0901 -0.2099
vn -0.9760 -0.0591 -0.2096
vn -0.9378 -0.1614 -0.3074
vn -0.9288 -0.2116 -0.3044
vn -0.9584 -0.1491 -0.2435
vn -0.9585 -0.1492 -0.2429
vn -0.9585 -0.1491 -0.2430
vn -0.9421 -0.2367 -0.2375
vn -0.9292 -0.2609 -0.2616
vn -0.8963 -0.3663 -0.2500
vn -0.7449 -0.5233 -0.4139
vn -0.7225 -0.5600 -0.4054
vn -0.6748 -0.5911 -0.4419
vn -0.7033 -0.5483 -0.4524
vn -0.6042 -0.6026 -0.5214
vn -0.6247 -0.5748 -0.5286
vn -0.5208 -0.6168 -0.5902
vn -0.5405 -0.5932 -0.5966
vn -0.4687 -0.6145 -0.6346
vn -0.3957 -0.6862 -0.6103
vn -0.4477 -0.6765 -0.5847
vn -0.4474 -0.6760 -0.5855
vn -0.4451 -0.6723 -0.5916
vn -0.4069 -0.7125 -0.5716
vn -0.4716 -0.7005 -0.5356
vn -0.4237 -0.7411 -0.5208
vn -0.3094 -0.7523 -0.5817
vn -0.2253 -0.8023 -0.5527
vn -0.2767 -0.8032 -0.5275
vn -0.1026 -0.8816 -0.4607
vn -0.1028 -0.8818 -0.4602
vn -0.1109 -0.8828 -0.4564
vn -0.1114 -0.8826 -0.4566
vn -0.0969 -0.8874 -0.4507
vn -0.0182 -0.8731 -0.4873
vn 0.0208 -0.8820 -0.4707
vn -0.0489 -0.8978 -0.4376
vn -0.0490 -0.8973 -0.4387
vn -0.0490 -0.8974 -0.4386
vn 0.1991 -0.9257 -0.3217
vn 0.3248 -0.8689 -0.3736
vn 0.2114 -0.8758 -0.4340
vn 0.3403 -0.8055 -0.4852
vn 0.5043 -0.7722 -0.3865
vn 0.5402 -0.7407 -0.3993
vn 0.4600 -0.7649 -0.4508
vn 0.4942 -0.7356 -0.4634
vn 0.4693 -0.7426 -0.4779
vn 0.5003 -0.7140 -0.4898
vn 0.7016 -0.6212 -0.3491
vn 0.7169 -0.6003 -0.3545
vn 0.6258 -0.6541 -0.4250
vn 0.6645 -0.6043 -0.4396
vn 0.6986 -0.5835 -0.4141
vn 0.7968 -0.4048 -0.4485
vn 0.7386 -0.4525 -0.4997
vn 0.7901 -0.3290 -0.5172
vn 0.7738 -0.3441 -0.5318
vn 0.8203 -0.1719 -0.5455
vn 0.8168 -0.1710 -0.5510
vn 0.8198 -0.1718 -0.5462
vn 0.8428 -0.1432 -0.5188
vn 0.8512 -0.0714 -0.5200
vn 0.8340 -0.0975 -0.5431
vn 0.8379 -0.0436 -0.5440
vn 0.7622 0.0880 -0.6413
vn 0.8308 0.1332 -0.5405
vn 0.8302 0.1340 -0.5411
vn 0.8297 0.1348 -0.5417
vn 0.8133 0.2352 -0.5321
vn 0.8156 0.2324 -0.5299
vn 0.8179 0.2297 -0.5276
vn 0.8008 0.3007 -0.5179
vn 0.8405 0.2555 -0.4779
vn 0.7964 0.3998 -0.4537
vn 0.8453 0.3478 -0.4055
vn 0.7872 0.4906 -0.3736
vn 0.8335 0.4438 -0.3293
vn 0.8070 0.4999 -0.3144
vn 0.7356 0.5634 -0.3762
vn 0.7019 0.6161 -0.3574
vn 0.7021 0.6159 -0.3574
vn 0.7078 0.6117 -0.3532
vn 0.7079 0.6118 -0.3530
vn 0.6616 0.6751 -0.3265
vn 0.5926 0.7154 -0.3703
vn 0.5715 0.7384 -0.3581
vn 0.4949 0.7718 -0.3992
vn 0.5340 0.7326 -0.4221
vn 0.3777 0.7822 -0.4955
vn 0.3179 0.8292 -0.4598
vn 0.1287 0.8446 -0.5196
vn 0.1687 0.8212 -0.5451
vn 0.1952 0.8205 -0.5374
vn 0.2464 0.7866 -0.5662
vn 0.1142 0.7876 -0.6055
vn -0.0159 0.8494 -0.5275
vn 0.0220 0.8543 -0.5194
vn -0.0400 0.8763 -0.4801
vn -0.0403 0.8762 -0.4802
vn -0.0408 0.8761 -0.4803
vn -0.0411 0.8761 -0.4803
vn -0.0966 0.8909 -0.4438
vn -0.0817 0.8937 -0.4411
vn -0.0831 0.8977 -0.4328
vn -0.0819 0.8943 -0.4400
vn -0.1801 0.9102 -0.3731
vn -0.2195 0.8994 -0.3781
vn -0.3652 0.8931 -0.2626
vn -0.4301 0.8630 -0.2650
vn -0.4286 0.8644 -0.2630
vn -0.4286 0.8643 -0.2631
vn -0.4271 0.8657 -0.2611
vn -0.5966 0.7595 -0.2592
vn -0.5986 0.7570 -0.2619
vn -0.7368 0.6308 -0.2433
vn -0.7275 0.6462 -0.2307
vn -0.7285 0.6452 -0.2304
vn -0.7206 0.6533 -0.2321
vn -0.7196 0.6544 -0.2322
vn -0.7460 0.6067 -0.2746
vn -0.7462 0.6069 -0.2735
vn -0.7481 0.6083 -0.2651
vn -0.9078 0.3625 -0.2109
vn -0.9079 0.3624 -0.2104
vn -0.9067 0.3668 -0.2080
vn -0.9056 0.3713 -0.2050
vn -0.9215 0.3363 -0.1943
vn -0.9174 0.3533 -0.1832
vn -0.9037 0.3824 -0.1928
vn -0.9315 0.1957 -0.3065
vn -0.9481 0.1414 -0.2848
vn -0.9433 0.2389 -0.2307
vn -0.9704 0.1457 -0.1928
vn -0.9662 0.1984 -0.1645
vn -0.9893 0.0878 -0.1162
vn -0.9716 -0.1122 -0.2081
vn -0.9698 -0.1636 -0.1811
vn -0.9542 -0.2192 -0.2036
vn -0.9586 -0.1492 -0.2425
vn -0.9132 -0.2825 -0.2936
vn -0.9159 -0.2556 -0.3094
vn -0.7803 -0.4918 -0.3863
vn -0.7674 -0.5341 -0.3547
vn -0.6605 -0.6466 -0.3818
vn -0.6816 -0.5956 -0.4250
vn -0.6067 -0.6637 -0.4375
vn -0.6252 -0.6204 -0.4734
vn -0.5191 -0.7044 -0.4840
vn -0.5276 -0.7050 -0.4739
vn -0.5197 -0.7050 -0.4827
vn -0.5472 -0.6449 -0.5336
vn -0.4569 -0.7082 -0.5382
vn -0.4896 -0.6417 -0.5903
vn -0.4448 -0.6718 -0.5924
vn -0.4109 -0.6723 -0.6157
vn -0.4460 -0.6507 -0.6145
vn -0.4188 -0.6500 -0.6341
vn -0.2960 -0.7143 -0.6342
vn -0.3855 -0.7243 -0.5717
vn -0.2706 -0.7774 -0.5678
vn -0.3207 -0.7846 -0.5307
vn -0.1088 -0.8546 -0.5077
vn -0.2000 -0.8745 -0.4419
vn -0.0173 -0.9124 -0.4090
vn 0.0088 -0.9042 -0.4271
vn -0.0491 -0.8968 -0.4397
vn 0.1391 -0.8135 -0.5647
vn 0.3069 -0.8025 -0.5116
vn 0.3060 -0.8032 -0.5111
vn 0.3061 -0.8031 -0.5112
vn 0.3053 -0.8038 -0.5107
vn 0.3375 -0.7984 -0.4987
vn 0.3106 -0.8190 -0.4825
vn 0.5445 -0.7491 -0.3773
vn 0.5443 -0.7492 -0.3774
vn 0.5420 -0.7516 -0.3761
vn 0.5420 -0.7517 -0.3758
vn 0.5136 -0.7639 -0.3908
vn 0.5132 -0.7641 -0.3908
vn 0.5085 -0.7687 -0.3880
vn 0.5083 -0.7690 -0.3877
vn 0.5371 -0.7568 -0.3727
vn 0.5876 -0.7021 -0.4022
vn 0.7288 -0.6116 -0.3079
vn 0.7618 -0.5596 -0.3264
vn 0.6847 -0.6189 -0.3849
vn 0.7756 -0.4568 -0.4357
vn 0.8177 -0.4166 -0.3973
vn 0.8668 -0.2607 -0.4251
vn 0.8026 -0.3343 -0.4941
vn 0.8458 -0.1325 -0.5168
vn 0.8163 -0.1708 -0.5518
vn 0.8293 -0.0398 -0.5574
vn 0.8120 -0.0656 -0.5799
vn 0.8118 0.0877 -0.5773
vn 0.8374 0.0453 -0.5448
vn 0.8657 0.1371 -0.4815
vn 0.8991 0.0778 -0.4308
vn 0.8758 0.2399 -0.4188
vn 0.9152 0.1760 -0.3626
vn 0.8953 0.2728 -0.3521
vn 0.9223 0.2284 -0.3119
vn 0.8840 0.3659 -0.2910
vn 0.8563 0.4024 -0.3237
vn 0.8379 0.4466 -0.3139
vn 0.8377 0.4463 -0.3146
vn 0.8320 0.4526 -0.3209
vn 0.8317 0.4535 -0.3203
vn 0.7613 0.5837 -0.2824
vn 0.8099 0.5357 -0.2387
vn 0.8100 0.5356 -0.2390
vn 0.8082 0.5332 -0.2502
vn 0.7375 0.6453 -0.1994
vn 0.6894 0.6850 -0.2355
vn 0.6232 0.7561 -0.1999
vn 0.4437 0.8456 -0.2967
vn 0.5080 0.7941 -0.3337
vn 0.3595 0.8425 -0.4011
vn 0.3933 0.8172 -0.4214
vn 0.2170 0.8467 -0.4858
vn 0.1426 0.8880 -0.4371
vn 0.1429 0.8880 -0.4370
vn 0.1429 0.8880 -0.4371
vn 0.1432 0.8880 -0.4370
vn 0.2019 0.8572 -0.4738
vn 0.0684 0.8569 -0.5109
vn 0.0692 0.8504 -0.5216
vn 0.0683 0.8564 -0.5118
vn 0.1174 0.8329 -0.5408
vn 0.0498 0.8284 -0.5580
vn 0.0227 0.8401 -0.5420
vn 0.0222 0.8401 -0.5419
vn 0.0191 0.8397 -0.5427
vn 0.0187 0.8396 -0.5429
vn -0.0381 0.8598 -0.5093
vn 0.0226 0.8682 -0.4956
vn -0.0832 0.8982 -0.4316
vn -0.1070 0.8936 -0.4359
vn -0.2233 0.9066 -0.3580
vn -0.4063 0.8350 -0.3710
vn -0.3894 0.8526 -0.3484
vn -0.5823 0.7362 -0.3449
vn -0.5819 0.7362 -0.3456
vn -0.5842 0.7334 -0.3476
vn -0.5861 0.7306 -0.3503
vn -0.7078 0.6223 -0.3341
vn -0.6722 0.6858 -0.2788
vn -0.7483 0.6085 -0.2641
vn -0.8018 0.4729 -0.3654
vn -0.8776 0.3484 -0.3294
vn -0.8799 0.3338 -0.3383
vn -0.8800 0.3336 -0.3382
vn -0.8786 0.3409 -0.3344
vn -0.8783 0.3428 -0.3333
vn -0.8784 0.3428 -0.3329
vn -0.9386 0.1985 -0.2821
vn -0.9365 0.2261 -0.2679
vn -0.9369 0.2252 -0.2675
vn -0.9328 0.2367 -0.2719
vn -0.9324 0.2377 -0.2721
vn -0.9354 0.1401 -0.3246
vn -0.9146 0.2032 -0.3496
vn -0.8831 -0.0393 -0.4675
vn -0.8944 -0.1106 -0.4334
vn -0.9180 -0.0226 -0.3959
vn -0.9295 -0.2160 -0.2990
vn -0.8786 -0.3339 -0.3415
vn -0.8848 -0.2735 -0.3773
vn -0.8047 -0.4160 -0.4235
vn -0.7867 -0.4944 -0.3697
vn -0.6205 -0.6686 -0.4099
vn -0.6355 -0.6330 -0.4420
vn -0.5790 -0.6803 -0.4494
vn -0.5915 -0.6522 -0.4740
vn -0.5284 -0.7006 -0.4796
vn -0.5262 -0.7048 -0.4758
vn -0.4384 -0.7635 -0.4742
vn -0.4365 -0.7614 -0.4792
vn -0.4382 -0.7634 -0.4746
vn -0.4653 -0.7189 -0.5164
vn -0.4463 -0.7307 -0.5167
vn -0.4048 -0.7325 -0.5474
vn -0.4464 -0.7081 -0.5470
vn -0.4307 -0.7082 -0.5593
vn -0.3881 -0.7322 -0.5597
vn -0.3025 -0.7220 -0.6223
vn -0.3029 -0.7252 -0.6184
vn -0.3071 -0.7204 -0.6218
vn -0.3069 -0.7201 -0.6224
vn -0.1906 -0.6904 -0.6978
vn -0.1914 -0.6903 -0.6978
vn -0.1853 -0.6922 -0.6975
vn -0.1846 -0.6925 -0.6974
vn -0.2360 -0.7102 -0.6633
vn 0.0013 -0.7702 -0.6378
vn -0.0663 -0.8010 -0.5949
vn 0.1406 -0.8220 -0.5518
vn 0.2041 -0.7820 -0.5889
vn 0.2960 -0.7744 -0.5592
vn 0.3572 -0.7221 -0.5924
vn 0.2729 -0.7343 -0.6215
vn 0.3325 -0.6786 -0.6549
vn 0.4773 -0.6440 -0.5979
vn 0.4660 -0.6577 -0.5918
vn 0.4294 -0.6688 -0.6069
vn 0.4176 -0.6825 -0.5998
vn 0.5285 -0.6438 -0.5533
vn 0.6393 -0.4642 -0.6130
vn 0.6383 -0.4648 -0.6136
vn 0.6392 -0.4643 -0.6131
vn 0.6402 -0.4637 -0.6125
vn 0.7031 -0.3053 -0.6422
vn 0.7050 -0.3065 -0.6396
vn 0.7033 -0.3054 -0.6420
vn 0.6194 -0.3628 -0.6962
vn 0.6191 -0.3634 -0.6962
vn 0.6172 -0.3685 -0.6952
vn 0.6170 -0.3692 -0.6950
vn 0.7905 -0.2261 -0.5692
vn 0.8101 -0.1023 -0.5772
vn 0.8129 -0.1032 -0.5731
vn 0.8105 -0.1024 -0.5768
vn 0.7973 -0.1181 -0.5920
vn 0.7973 -0.1178 -0.5920
vn 0.7975 -0.1158 -0.5921
vn 0.7976 -0.1154 -0.5921
vn 0.8480 -0.0430 -0.5282
vn 0.8482 0.0448 -0.5277
vn 0.8739 -0.0062 -0.4861
vn 0.8590 0.0754 -0.5064
vn 0.8971 0.0003 -0.4419
vn 0.8857 0.1702 -0.4319
vn 0.9095 0.1277 -0.3956
vn 0.8969 0.2182 -0.3846
vn 0.9171 0.1830 -0.3543
vn 0.8606 0.4045 -0.3094
vn 0.8253 0.4485 -0.3432
vn 0.8254 0.4482 -0.3433
vn 0.8253 0.4484 -0.3432
vn 0.8252 0.4487 -0.3431
vn 0.8697 0.3926 -0.2992
vn 0.8080 0.5333 -0.2504
vn 0.7923 0.5507 -0.2627
vn 0.7918 0.5498 -0.2660
vn 0.7923 0.5506 -0.2629
vn 0.6950 0.6927 -0.1928
vn 0.4860 0.8261 -0.2853
vn 0.4514 0.8537 -0.2597
vn 0.3179 0.9002 -0.2975
vn 0.3718 0.8635 -0.3407
vn 0.1391 0.9123 -0.3851
vn 0.2224 0.8602 -0.4590
vn 0.0834 0.8763 -0.4746
vn 0.1327 0.8451 -0.5178
vn 0.0703 0.8500 -0.5220
vn 0.0691 0.8507 -0.5210
vn 0.0488 0.8524 -0.5206
vn 0.0498 0.8529 -0.5197
vn 0.0508 0.8533 -0.5189
vn 0.0161 0.8545 -0.5192
vn -0.0130 0.8379 -0.5457
vn 0.0328 0.8371 -0.5461
vn -0.0547 0.7747 -0.6299
vn -0.0550 0.7748 -0.6299
vn -0.0520 0.7748 -0.6300
vn -0.0516 0.7749 -0.6300
vn -0.0669 0.7615 -0.6448
vn -0.3072 0.7247 -0.6169
vn -0.3071 0.7243 -0.6173
vn -0.3143 0.7157 -0.6237
vn -0.3149 0.7156 -0.6235
vn -0.5164 0.6427 -0.5660
vn -0.5666 0.5588 -0.6056
vn -0.5482 0.5685 -0.6134
vn -0.5743 0.5174 -0.6344
vn -0.7266 0.4127 -0.5493
vn -0.7036 0.4724 -0.5309
vn -0.8575 0.3180 -0.4045
vn -0.8549 0.3267 -0.4030
vn -0.8551 0.3269 -0.4025
vn -0.8515 0.3313 -0.4065
vn -0.8514 0.3317 -0.4063
vn -0.8778 0.2179 -0.4265
vn -0.8777 0.2180 -0.4267
vn -0.8827 0.2103 -0.4202
vn -0.8828 0.2101 -0.4201
vn -0.8924 0.1317 -0.4317
vn -0.8942 0.1283 -0.4288
vn -0.8907 0.1349 -0.4341
vn -0.8906 0.1349 -0.4344
vn -0.8972 -0.0390 -0.4399
vn -0.9262 0.0350 -0.3755
vn -0.9268 -0.0243 -0.3748
vn -0.8647 -0.1464 -0.4805
vn -0.8293 -0.3240 -0.4552
vn -0.8773 -0.2597 -0.4035
vn -0.8273 -0.4240 -0.3685
vn -0.7311 -0.5193 -0.4426
vn -0.6361 -0.6747 -0.3743
vn -0.6359 -0.6750 -0.3741
vn -0.6325 -0.6771 -0.3762
vn -0.6288 -0.6795 -0.3781
vn -0.6124 -0.7007 -0.3662
vn -0.5401 -0.7411 -0.3987
vn -0.5548 -0.7239 -0.4101
vn -0.4137 -0.7853 -0.4605
vn -0.4136 -0.7852 -0.4608
vn -0.4123 -0.7840 -0.4642
vn -0.4364 -0.7612 -0.4797
vn -0.3643 -0.7857 -0.5000
vn -0.3600 -0.7924 -0.4925
vn -0.3667 -0.7888 -0.4933
vn -0.4084 -0.7384 -0.5367
vn -0.4091 -0.7381 -0.5365
vn -0.4168 -0.7354 -0.5344
vn -0.4175 -0.7351 -0.5342
vn -0.4340 -0.7158 -0.5470
vn -0.2663 -0.7651 -0.5863
vn -0.2665 -0.7656 -0.5855
vn -0.2661 -0.7652 -0.5862
vn -0.3037 -0.7279 -0.6147
vn -0.2005 -0.7480 -0.6326
vn -0.1999 -0.7508 -0.6296
vn -0.2006 -0.7477 -0.6330
vn -0.2014 -0.7472 -0.6333
vn -0.2379 -0.7409 -0.6281
vn -0.1111 -0.6713 -0.7328
vn -0.0758 -0.6735 -0.7353
vn 0.0025 -0.6126 -0.7904
vn 0.1619 -0.6008 -0.7828
vn 0.1525 -0.6107 -0.7770
vn 0.3037 -0.5825 -0.7540
vn 0.2704 -0.6249 -0.7324
vn 0.3009 -0.6175 -0.7267
vn 0.3562 -0.5370 -0.7647
vn 0.3769 -0.5301 -0.7595
vn 0.3768 -0.5303 -0.7594
vn 0.3739 -0.5354 -0.7574
vn 0.3737 -0.5355 -0.7573
vn 0.3096 -0.5570 -0.7707
vn 0.3790 -0.4231 -0.8230
vn 0.5116 -0.3592 -0.7805
vn 0.4738 -0.4568 -0.7529
vn 0.7051 -0.3065 -0.6394
vn 0.6923 -0.3531 -0.6294
vn 0.6508 -0.3857 -0.6539
vn 0.6885 -0.2394 -0.6846
vn 0.8133 -0.1034 -0.5727
vn 0.8102 -0.1140 -0.5750
vn 0.8127 -0.1106 -0.5721
vn 0.8103 -0.1139 -0.5749
vn 0.8078 -0.1173 -0.5777
vn 0.8129 -0.0020 -0.5823
vn 0.8575 -0.0948 -0.5056
vn 0.8522 -0.0042 -0.5232
vn 0.8908 -0.0908 -0.4452
vn 0.8920 0.1231 -0.4349
vn 0.9120 0.0831 -0.4017
vn 0.9045 0.1764 -0.3884
vn 0.9251 0.1351 -0.3550
vn 0.8466 0.4588 -0.2699
vn 0.8775 0.4136 -0.2428
vn 0.8773 0.4141 -0.2426
vn 0.8798 0.4074 -0.2451
vn 0.8800 0.4068 -0.2452
vn 0.8202 0.4909 -0.2937
vn 0.7917 0.5498 -0.2662
vn 0.4940 0.7821 -0.3799
vn 0.4680 0.8096 -0.3543
vn 0.1671 0.9061 -0.3886
vn 0.2600 0.8262 -0.4998
vn 0.1099 0.8599 -0.4986
vn 0.0087 0.8297 -0.5582
vn 0.0089 0.8300 -0.5577
vn 0.0095 0.8312 -0.5559
vn 0.0672 0.8219 -0.5657
vn 0.1009 0.8325 -0.5447
vn 0.0690 0.8384 -0.5406
vn -0.0006 0.8122 -0.5834
vn 0.0536 0.8033 -0.5932
vn -0.0239 0.7681 -0.6399
vn 0.0015 0.7640 -0.6452
vn -0.0692 0.7249 -0.6854
vn -0.0375 0.7205 -0.6924
vn -0.0639 0.7041 -0.7072
vn -0.0385 0.7006 -0.7125
vn -0.1118 0.6496 -0.7520
vn -0.2729 0.6533 -0.7062
vn -0.4259 0.5046 -0.7510
vn -0.5047 0.4895 -0.7111
vn -0.5194 0.4714 -0.7127
vn -0.5142 0.5282 -0.6758
vn -0.6055 0.4120 -0.6809
vn -0.6049 0.4486 -0.6579
vn -0.7215 0.2645 -0.6400
vn -0.7268 0.3581 -0.5861
vn -0.8093 0.1971 -0.5534
vn -0.8043 0.1605 -0.5721
vn -0.8208 0.1179 -0.5590
vn -0.7906 -0.0051 -0.6123
vn -0.7771 0.0372 -0.6283
vn -0.7769 0.0366 -0.6286
vn -0.7739 0.0263 -0.6328
vn -0.7738 0.0258 -0.6329
vn -0.8155 -0.1400 -0.5615
vn -0.8425 -0.0611 -0.5351
vn -0.8637 -0.2559 -0.4342
vn -0.7137 -0.5129 -0.4771
vn -0.7138 -0.5124 -0.4775
vn -0.7136 -0.5134 -0.4766
vn -0.5826 -0.6595 -0.4750
vn -0.5972 -0.6533 -0.4653
vn -0.5166 -0.7264 -0.4533
vn -0.4703 -0.7403 -0.4803
vn -0.4121 -0.7839 -0.4644
vn -0.3599 -0.7936 -0.4906
vn -0.3659 -0.7894 -0.4929
vn -0.3884 -0.7852 -0.4823
vn -0.4269 -0.7556 -0.4968
vn -0.2513 -0.7768 -0.5775
vn -0.2515 -0.7774 -0.5766
vn -0.2515 -0.7773 -0.5767
vn -0.2667 -0.7662 -0.5846
vn -0.1753 -0.7669 -0.6174
vn -0.1999 -0.7510 -0.6293
vn -0.0862 -0.7440 -0.6626
vn -0.1135 -0.7280 -0.6762
vn 0.0318 -0.7072 -0.7063
vn 0.0105 -0.6967 -0.7173
vn 0.1648 -0.6600 -0.7330
vn 0.2492 -0.5408 -0.8034
vn 0.2510 -0.5401 -0.8033
vn 0.2397 -0.5443 -0.8039
vn 0.2378 -0.5449 -0.8040
vn 0.2621 -0.5029 -0.8237
vn 0.3217 -0.4783 -0.8172
vn 0.3048 -0.5135 -0.8021
vn 0.3437 -0.4965 -0.7971
vn 0.3584 -0.4608 -0.8119
vn 0.3975 -0.4413 -0.8045
vn 0.3905 -0.4611 -0.7968
vn 0.3909 -0.4610 -0.7967
vn 0.3980 -0.4673 -0.7894
vn 0.4422 -0.4331 -0.7854
vn 0.4519 -0.4005 -0.7971
vn 0.5955 -0.3017 -0.7446
vn 0.5984 -0.2869 -0.7481
vn 0.5989 -0.2871 -0.7476
vn 0.5990 -0.2872 -0.7475
vn 0.6632 -0.2302 -0.7121
vn 0.6605 -0.2477 -0.7088
vn 0.7873 -0.1048 -0.6076
vn 0.7882 -0.0907 -0.6087
vn 0.8353 -0.1984 -0.5128
vn 0.7754 -0.1093 -0.6220
vn 0.8110 -0.1757 -0.5580
vn 0.8270 0.0544 -0.5595
vn 0.8484 0.0196 -0.5290
vn 0.8480 0.0844 -0.5232
vn 0.8349 0.1038 -0.5405
vn 0.7992 0.3489 -0.4894
vn 0.8719 0.2525 -0.4196
vn 0.8088 0.4742 -0.3478
vn 0.4021 0.7679 -0.4987
vn 0.4338 0.7256 -0.5341
vn 0.0900 0.8217 -0.5627
vn 0.0851 0.8271 -0.5556
vn 0.0875 0.8245 -0.5591
vn 0.0901 0.8217 -0.5628
vn 0.0097 0.8315 -0.5554
vn -0.0219 0.8204 -0.5714
vn 0.0931 0.8045 -0.5866
vn -0.0503 0.7467 -0.6632
vn -0.0073 0.7409 -0.6716
vn -0.0046 0.7422 -0.6702
vn -0.0047 0.7421 -0.6702
vn -0.0021 0.7434 -0.6688
vn -0.0220 0.7466 -0.6650
vn -0.0882 0.7088 -0.6998
vn -0.0644 0.7059 -0.7054
vn -0.1095 0.6763 -0.7285
vn -0.0493 0.6690 -0.7416
vn -0.1006 0.6333 -0.7673
vn -0.0988 0.6332 -0.7677
vn -0.1005 0.6333 -0.7673
vn -0.1023 0.6335 -0.7670
vn -0.2545 0.4981 -0.8289
vn -0.4086 0.4842 -0.7737
vn -0.4314 0.4577 -0.7774
vn -0.4259 0.5402 -0.7258
vn -0.5368 0.4076 -0.7387
vn -0.5373 0.4777 -0.6951
vn -0.6463 0.3260 -0.6899
vn -0.6508 0.3947 -0.6485
vn -0.7819 0.1547 -0.6038
vn -0.7768 0.1268 -0.6169
vn -0.8202 -0.0019 -0.5721
vn -0.8235 0.0111 -0.5672
vn -0.8236 0.0107 -0.5671
vn -0.8209 0.0202 -0.5707
vn -0.8207 0.0207 -0.5709
vn -0.8349 0.0831 -0.5442
vn -0.8732 -0.0715 -0.4821
vn -0.6405 -0.5152 -0.5695
vn -0.6421 -0.4907 -0.5890
vn -0.5254 -0.6204 -0.5822
vn -0.5290 -0.6192 -0.5803
vn -0.5325 -0.6180 -0.5784
vn -0.4274 -0.7122 -0.5568
vn -0.3885 -0.7202 -0.5748
vn -0.3285 -0.7646 -0.5546
vn -0.2837 -0.7691 -0.5727
vn -0.3469 -0.7229 -0.5976
vn -0.3253 -0.7251 -0.6070
vn -0.2518 -0.7779 -0.5757
vn -0.0889 -0.7732 -0.6279
vn -0.1654 -0.7261 -0.6674
vn -0.0092 -0.7084 -0.7057
vn -0.0103 -0.7162 -0.6978
vn -0.0092 -0.7088 -0.7053
vn -0.0802 -0.6657 -0.7419
vn 0.0582 -0.6404 -0.7658
vn 0.0251 -0.6227 -0.7821
vn 0.2549 -0.5554 -0.7915
vn 0.1968 -0.6374 -0.7450
vn 0.3024 -0.5994 -0.7411
vn 0.3239 -0.5645 -0.7593
vn 0.3227 -0.5650 -0.7594
vn 0.3322 -0.5609 -0.7583
vn 0.3335 -0.5604 -0.7581
vn 0.3758 -0.4681 -0.7998
vn 0.3765 -0.4677 -0.7997
vn 0.3686 -0.4715 -0.8012
vn 0.3678 -0.4718 -0.8013
vn 0.3626 -0.4852 -0.7957
vn 0.3981 -0.4677 -0.7891
vn 0.4071 -0.4404 -0.8002
vn 0.4638 -0.4080 -0.7864
vn 0.4711 -0.3803 -0.7959
vn 0.5995 -0.2874 -0.7470
vn 0.5834 -0.3632 -0.7265
vn 0.5750 -0.3612 -0.7341
vn 0.5824 -0.3630 -0.7273
vn 0.7017 -0.2571 -0.6645
vn 0.7115 -0.1941 -0.6753
vn 0.7503 -0.2736 -0.6019
vn 0.6540 -0.2021 -0.7290
vn 0.6449 -0.1898 -0.7403
vn 0.6568 -0.0476 -0.7525
vn 0.6677 -0.0595 -0.7420
vn 0.6694 0.0065 -0.7429
vn 0.6679 0.0079 -0.7442
vn 0.6680 0.0078 -0.7441
vn 0.6666 0.0091 -0.7454
vn 0.6656 0.0555 -0.7442
vn 0.3362 0.2758 -0.9005
vn 0.2204 0.6081 -0.7627
vn 0.1543 0.6287 -0.7622
vn 0.0511 0.7890 -0.6123
vn -0.0351 0.7985 -0.6010
vn -0.0462 0.7934 -0.6069
vn -0.0480 0.7936 -0.6065
vn -0.0381 0.7927 -0.6084
vn -0.0362 0.7926 -0.6087
vn -0.1368 0.7451 -0.6528
vn -0.0028 0.7306 -0.6828
vn -0.1389 0.6530 -0.7445
vn -0.0796 0.6460 -0.7592
vn -0.1462 0.5988 -0.7874
vn -0.0812 0.5915 -0.8022
vn -0.1093 0.5693 -0.8148
vn -0.1092 0.5687 -0.8153
vn -0.1064 0.5626 -0.8199
vn -0.0620 0.5645 -0.8231
vn -0.0755 0.5531 -0.8297
vn -0.0764 0.5543 -0.8288
vn -0.0763 0.5542 -0.8289
vn -0.2982 0.5530 -0.7780
vn -0.3626 0.4861 -0.7951
vn -0.3614 0.5080 -0.7819
vn -0.4373 0.4204 -0.7950
vn -0.4321 0.3558 -0.8287
vn -0.4545 0.3253 -0.8292
vn -0.4513 0.3088 -0.8372
vn -0.5802 0.0898 -0.8095
vn -0.5889 0.1174 -0.7996
vn -0.6359 0.0109 -0.7717
vn -0.6937 0.1973 -0.6928
vn -0.7305 0.1138 -0.6733
vn -0.5423 -0.2983 -0.7854
vn -0.5624 -0.4949 -0.6624
vn -0.4744 -0.5908 -0.6526
vn -0.4296 -0.6038 -0.6715
vn -0.3376 -0.6848 -0.6458
vn -0.3224 -0.6870 -0.6512
vn -0.2534 -0.7388 -0.6245
vn -0.2823 -0.7367 -0.6145
vn -0.3170 -0.7105 -0.6282
vn -0.1498 -0.7135 -0.6845
vn -0.1497 -0.7132 -0.6848
vn -0.1486 -0.7111 -0.6872
vn -0.0822 -0.7560 -0.6494
vn 0.0324 -0.7395 -0.6724
vn 0.0326 -0.7391 -0.6728
vn 0.0351 -0.7308 -0.6816
vn -0.0104 -0.7166 -0.6974
vn 0.0738 -0.7000 -0.7103
vn 0.0604 -0.6936 -0.7178
vn 0.2008 -0.6557 -0.7278
vn 0.2831 -0.5427 -0.7908
vn 0.2832 -0.5430 -0.7905
vn 0.2840 -0.5474 -0.7872
vn 0.3089 -0.5322 -0.7882
vn 0.2991 -0.5497 -0.7800
vn 0.2986 -0.5485 -0.7810
vn 0.2959 -0.5422 -0.7864
vn 0.4005 -0.5044 -0.7650
vn 0.4153 -0.4699 -0.7789
vn 0.3696 -0.4925 -0.7879
vn 0.3692 -0.4927 -0.7880
vn 0.3666 -0.4986 -0.7855
vn 0.3672 -0.4988 -0.7851
vn 0.4376 -0.4623 -0.7712
vn 0.4377 -0.4622 -0.7713
vn 0.4384 -0.4597 -0.7723
vn 0.4385 -0.4596 -0.7724
vn 0.5246 -0.4055 -0.7486
vn 0.5202 -0.4028 -0.7531
vn 0.5266 -0.3975 -0.7515
vn 0.5264 -0.3968 -0.7520
vn 0.5741 -0.3609 -0.7349
vn 0.5932 -0.2673 -0.7594
vn 0.6302 -0.3307 -0.7025
vn 0.5795 -0.1994 -0.7902
vn 0.6235 -0.2547 -0.7391
vn 0.6490 -0.0667 -0.7578
vn 0.5473 0.0374 -0.8361
vn 0.5438 -0.0655 -0.8366
vn 0.2892 0.1292 -0.9485
vn 0.2775 0.2232 -0.9344
vn -0.0180 0.3881 -0.9214
vn 0.0874 0.4129 -0.9066
vn -0.1860 0.5300 -0.8273
vn -0.0733 0.5775 -0.8131
vn -0.1760 0.6120 -0.7710
vn -0.1805 0.6098 -0.7717
vn -0.1804 0.6098 -0.7717
vn -0.1849 0.6076 -0.7724
vn -0.1406 0.5937 -0.7923
vn -0.1951 0.5660 -0.8010
vn -0.1355 0.5478 -0.8256
vn -0.1060 0.5620 -0.8203
vn -0.1177 0.5372 -0.8352
vn -0.0772 0.5554 -0.8280
vn -0.0919 0.5105 -0.8549
vn -0.2652 0.4230 -0.8664
vn -0.2847 0.3229 -0.9026
vn -0.3279 0.2954 -0.8974
vn -0.3156 0.3835 -0.8680
vn -0.4317 0.3026 -0.8498
vn -0.4481 0.1027 -0.8881
vn -0.4802 0.1457 -0.8650
vn -0.4724 0.2295 -0.8510
vn -0.3060 0.0590 -0.9502
vn -0.2983 -0.2191 -0.9290
vn -0.2636 -0.2440 -0.9333
vn -0.2620 -0.2435 -0.9339
vn -0.2628 -0.2436 -0.9336
vn -0.2275 -0.4997 -0.8358
vn -0.2751 -0.4747 -0.8360
vn -0.2338 -0.6203 -0.7487
vn -0.1963 -0.6366 -0.7458
vn -0.2946 -0.6459 -0.7043
vn -0.1485 -0.7109 -0.6875
vn -0.0744 -0.6945 -0.7157
vn 0.0351 -0.7305 -0.6820
vn 0.1297 -0.6941 -0.7081
vn 0.0744 -0.6782 -0.7311
vn 0.3142 -0.5550 -0.7702
vn 0.2840 -0.5477 -0.7870
vn 0.2954 -0.5410 -0.7875
vn 0.2728 -0.5872 -0.7621
vn 0.4304 -0.4914 -0.7572
vn 0.4151 -0.5327 -0.7375
vn 0.4156 -0.5325 -0.7374
vn 0.4110 -0.5352 -0.7380
vn 0.4105 -0.5356 -0.7380
vn 0.4237 -0.4923 -0.7603
vn 0.4582 -0.4700 -0.7544
vn 0.4665 -0.4356 -0.7699
vn 0.5212 -0.3953 -0.7564
vn 0.5347 -0.3260 -0.7796
vn 0.5530 -0.3544 -0.7540
vn 0.3664 -0.2980 -0.8815
vn 0.2783 -0.2168 -0.9357
vn 0.2767 -0.0731 -0.9582
vn 0.2215 -0.0359 -0.9745
vn 0.2069 0.0676 -0.9760
vn 0.1038 0.1190 -0.9875
vn 0.0342 0.3418 -0.9391
vn -0.1499 0.3971 -0.9055
vn -0.0040 0.4658 -0.8849
vn -0.2037 0.5050 -0.8388
vn -0.1823 0.5201 -0.8344
vn -0.1814 0.5201 -0.8346
vn -0.1942 0.5193 -0.8322
vn -0.1947 0.5170 -0.8335
vn -0.1953 0.5172 -0.8333
vn -0.1059 0.5101 -0.8536
vn -0.1462 0.4736 -0.8685
vn -0.0609 0.4714 -0.8798
vn -0.2314 0.2818 -0.9311
vn -0.2356 0.3334 -0.9129
vn -0.2255 0.3462 -0.9107
vn -0.2427 0.4184 -0.8752
vn -0.4301 0.1394 -0.8920
vn -0.3719 -0.0048 -0.9282
vn -0.3456 0.0542 -0.9368
vn -0.2352 -0.1417 -0.9616
vn -0.2621 -0.2433 -0.9339
vn -0.1535 -0.3834 -0.9107
vn -0.1862 -0.3792 -0.9064
vn -0.1267 -0.4437 -0.8872
vn -0.1275 -0.4438 -0.8870
vn -0.1283 -0.4438 -0.8869
vn -0.0052 -0.5519 -0.8339
vn 0.1670 -0.5151 -0.8407
vn 0.1691 -0.5165 -0.8394
vn 0.1651 -0.5140 -0.8417
vn 0.1651 -0.5138 -0.8419
vn 0.3471 -0.4492 -0.8233
vn 0.3033 -0.4267 -0.8520
vn 0.2204 -0.4586 -0.8609
vn 0.2638 -0.3750 -0.8887
vn 0.2874 -0.3649 -0.8856
vn 0.2722 -0.4075 -0.8717
vn 0.2926 -0.3979 -0.8695
vn 0.2824 -0.4355 -0.8548
vn 0.2819 -0.4352 -0.8551
vn 0.2818 -0.4352 -0.8551
vn 0.3537 -0.3947 -0.8480
vn 0.3648 -0.3379 -0.8676
vn 0.3633 -0.3359 -0.8690
vn 0.3633 -0.3358 -0.8691
vn 0.3618 -0.3338 -0.8705
vn 0.3397 -0.2070 -0.9175
vn 0.1626 -0.0446 -0.9857
vn 0.1618 -0.0665 -0.9846
vn 0.0285 0.0370 -0.9989
vn 0.1411 0.0418 -0.9891
vn -0.1039 0.2388 -0.9655
vn -0.0697 0.2473 -0.9664
vn -0.2018 0.3446 -0.9168
vn -0.1572 0.3580 -0.9204
vn -0.1334 0.3927 -0.9099
vn -0.0960 0.4002 -0.9114
vn -0.1349 0.3283 -0.9349
vn -0.2058 0.3107 -0.9280
vn -0.1599 0.3912 -0.9063
vn -0.0997 0.2350 -0.9669
vn -0.2261 -0.0050 -0.9741
vn -0.1682 -0.1184 -0.9786
vn -0.0494 -0.1709 -0.9841
vn -0.0134 -0.2431 -0.9699
vn -0.0878 -0.2259 -0.9702
vn -0.0427 -0.3152 -0.9481
vn 0.2159 -0.3518 -0.9108
vn 0.1902 -0.3688 -0.9098
vn 0.3458 -0.3894 -0.8537
vn 0.2846 -0.4429 -0.8502
vn 0.2844 -0.4427 -0.8503
vn 0.2982 -0.4392 -0.8474
vn 0.2923 -0.4431 -0.8475
vn 0.3004 -0.4369 -0.8479
vn 0.3039 -0.4192 -0.8555
vn 0.2813 -0.4350 -0.8554
vn 0.2908 -0.3238 -0.9003
vn 0.3229 -0.3674 -0.8722
vn 0.1143 -0.0571 -0.9918
vn 0.0724 -0.0259 -0.9970
vn 0.1530 -0.0264 -0.9879
vn -0.1027 0.1212 -0.9873
vn -0.0658 0.1379 -0.9883
vn -0.0190 0.2175 -0.9759
vn -0.0186 0.2178 -0.9758
vn -0.0214 0.2144 -0.9765
vn -0.0212 0.2158 -0.9762
vn -0.0216 0.2128 -0.9769
vn 0.0781 0.0373 -0.9962
vn 0.0774 -0.1334 -0.9880
vn 0.0342 -0.1021 -0.9942
vn -0.0266 -0.1024 -0.9944
vn 0.2261 -0.2423 -0.9435
vn 0.2365 -0.2371 -0.9423
vn 0.2277 -0.2416 -0.9433
vn 0.2376 -0.2365 -0.9421
vn 0.1911 -0.3146 -0.9298
vn 0.1906 -0.3148 -0.9298
vn 0.1925 -0.3137 -0.9298
vn 0.1929 -0.3135 -0.9298
vn 0.1887 -0.3380 -0.9220
vn 0.1121 -0.2036 -0.9726
vn 0.1363 -0.0361 -0.9900
vn -0.0188 0.0538 -0.9984
vn 0.0160 0.0738 -0.9971
vn 0.0160 -0.0776 -0.9969
vn 0.1950 -0.1788 -0.9644
vn 0.1332 -0.2154 -0.9674