vn 0.9640 0.0632 0.2583
vn 0.7063 0.0463 0.7063
vn 0.2588 0.0170 0.9658
vn -0.2588 -0.0170 0.9658
vn -0.7063 -0.0463 0.7063
vn -0.9640 -0.0632 0.2583
vn -0.9640 -0.0632 -0.2583
vn -0.7063 -0.0463 -0.7063
vn -0.2588 -0.0170 -0.9658
vn 0.2588 0.0170 -0.9658
vn 0.7063 0.0463 -0.7063
vn 0.9640 0.0632 -0.2583
vn 0.9475 0.1885 0.2583
vn 0.6943 0.1381 0.7063
vn 0.2544 0.0506 0.9658
vn -0.2544 -0.0506 0.9658
vn -0.6943 -0.1381 0.7063
vn -0.9475 -0.1885 0.2583
vn -0.9475 -0.1885 -0.2583
vn -0.6943 -0.1381 -0.7063
vn -0.2544 -0.0506 -0.9658
vn 0.2544 0.0506 -0.9658
vn 0.6943 0.1381 -0.7063
vn 0.9475 0.1885 -0.2583
vn 0.9148 0.3105 0.2583
vn 0.6703 0.2275 0.7063
vn 0.2456 0.0834 0.9658
vn -0.2456 -0.0834 0.9658
vn -0.6703 -0.2275 0.7063
vn -0.9148 -0.3105 0.2583
vn -0.9148 -0.3105 -0.2583
vn -0.6703 -0.2275 -0.7063
vn -0.2456 -0.0834 -0.9658
vn 0.2456 0.0834 -0.9658
vn 0.6703 0.2275 -0.7063
vn 0.9148 0.3105 -0.2583
vn 0.8664 0.4273 0.2583
vn 0.6349 0.3131 0.7063
vn 0.2326 0.1147 0.9658
vn -0.2326 -0.1147 0.9658
vn -0.6349 -0.3131 0.7063
vn -0.8664 -0.4273 0.2583
vn -0.8664 -0.4273 -0.2583
vn -0.6349 -0.3131 -0.7063
vn -0.2326 -0.1147 -0.9658
vn 0.2326 0.1147 -0.9658
vn 0.6349 0.3131 -0.7063
vn 0.8664 0.4273 -0.2583
vn 0.8033 0.5367 0.2583
vn 0.5886 0.3933 0.7063
vn 0.2156 0.1441 0.9658
vn -0.2156 -0.1441 0.9658
vn -0.5886 -0.3933 0.7063
vn -0.8033 -0.5367 0.2583
vn -0.8033 -0.5367 -0.2583
vn -0.5886 -0.3933 -0.7063
vn -0.2156 -0.1441 -0.9658
vn 0.2156 0.1441 -0.9658
vn 0.5886 0.3933 -0.7063
vn 0.8033 0.5367 -0.2583
vn 0.7263 0.6370 0.2583
vn 0.5322 0.4667 0.7063
vn 0.1950 0.1710 0.9658
vn -0.1950 -0.1710 0.9658
vn -0.5322 -0.4667 0.7063
vn -0.7263 -0.6370 0.2583
vn -0.7263 -0.6370 -0.2583
vn -0.5322 -0.4667 -0.7063
vn -0.1950 -0.1710 -0.9658
vn 0.1950 0.1710 -0.9658
vn 0.5322 0.4667 -0.7063
vn 0.7263 0.6370 -0.2583
vn 0.6370 0.7263 0.2583
vn 0.4667 0.5322 0.7063
vn 0.1710 0.1950 0.9658
vn -0.1710 -0.1950 0.9658
vn -0.4667 -0.5322 0.7063
vn -0.6370 -0.7263 0.2583
vn -0.6370 -0.7263 -0.2583
vn -0.4667 -0.5322 -0.7063
vn -0.1710 -0.1950 -0.9658
vn 0.1710 0.1950 -0.9658
vn 0.4667 0.5322 -0.7063
vn 0.6370 0.7263 -0.2583
vn 0.5367 0.8033 0.2583
vn 0.3933 0.5886 0.7063
vn 0.1441 0.2156 0.9658
vn -0.1441 -0.2156 0.9658
vn -0.3933 -0.5886 0.7063
vn -0.5367 -0.8033 0.2583
vn -0.5367 -0.8033 -0.2583
vn -0.3933 -0.5886 -0.7063
vn -0.1441 -0.2156 -0.9658
vn 0.1441 0.2156 -0.9658
vn 0.3933 0.5886 -0.7063
vn 0.5367 0.8033 -0.2583
vn 0.4273 0.8664 0.2583
vn 0.3131 0.6349 0.7063
vn 0.1147 0.2326 0.9658
vn -0.1147 -0.2326 0.9658
vn -0.3131 -0.6349 0.7063
vn -0.4273 -0.8664 0.2583
vn -0.4273 -0.8664 -0.2583
vn -0.3131 -0.6349 -0.7063
vn -0.1147 -0.2326 -0.9658
vn 0.1147 0.2326 -0.9658
vn 0.3131 0.6349 -0.7063
vn 0.4273 0.8664 -0.2583
vn 0.3105 0.9148 0.2583
vn 0.2275 0.6703 0.7063
vn 0.0834 0.2456 0.9658
vn -0.0834 -0.2456 0.9658
vn -0.2275 -0.6703 0.7063
vn -0.3105 -0.9148 0.2583
vn -0.3105 -0.9148 -0.2583
vn -0.2275 -0.6703 -0.7063
vn -0.0834 -0.2456 -0.9658
vn 0.0834 0.2456 -0.9658
vn 0.2275 0.6703 -0.7063
vn 0.3105 0.9148 -0.2583
vn 0.1885 0.9475 0.2583
vn 0.1381 0.6943 0.7063
vn 0.0506 0.2544 0.9658
vn -0.0506 -0.2544 0.9658
vn -0.1381 -0.6943 0.7063
vn -0.1885 -0.9475 0.2583
vn -0.1885 -0.9475 -0.2583
vn -0.1381 -0.6943 -0.7063
vn -0.0506 -0.2544 -0.9658
vn 0.0506 0.2544 -0.9658
vn 0.1381 0.6943 -0.7063
vn 0.1885 0.9475 -0.2583
vn 0.0632 0.9640 0.2583
vn 0.0463 0.7063 0.7063
vn 0.0170 0.2588 0.9658
vn -0.0170 -0.2588 0.9658
vn -0.0463 -0.7063 0.7063
vn -0.0632 -0.9640 0.2583
vn -0.0632 -0.9640 -0.2583
vn -0.0463 -0.7063 -0.7063
vn -0.0170 -0.2588 -0.9658
vn 0.0170 0.2588 -0.9658
vn 0.0463 0.7063 -0.7063
vn 0.0632 0.9640 -0.2583
vn -0.0632 0.9640 0.2583
vn -0.0463 0.7063 0.7063
vn -0.0170 0.2588 0.9658
vn 0.0170 -0.2588 0.9658
vn 0.0463 -0.7063 0.7063
vn 0.0632 -0.9640 0.2583
vn 0.0632 -0.9640 -0.2583
vn 0.0463 -0.7063 -0.7063
vn 0.0170 -0.2588 -0.9658
vn -0.0170 0.2588 -0.9658
vn -0.0463 0.7063 -0.7063
vn -0.0632 0.9640 -0.2583
vn -0.1885 0.9475 0.2583
vn -0.1381 0.6943 0.7063
vn -0.0506 0.2544 0.9658
vn 0.0506 -0.2544 0.9658
vn 0.1381 -0.6943 0.7063
vn 0.1885 -0.9475 0.2583
vn 0.1885 -0.9475 -0.2583
vn 0.1381 -0.6943 -0.7063
vn 0.0506 -0.2544 -0.9658
vn -0.0506 0.2544 -0.9658
vn -0.1381 0.6943 -0.7063
vn -0.1885 0.9475 -0.2583
vn -0.3105 0.9148 0.2583
vn -0.2275 0.6703 0.7063
vn -0.0834 0.2456 0.9658
vn 0.0834 -0.2456 0.9658
vn 0.2275 -0.6703 0.7063
vn 0.3105 -0.9148 0.2583
vn 0.3105 -0.9148 -0.2583
vn 0.2275 -0.6703 -0.7063
vn 0.0834 -0.2456 -0.9658
vn -0.0834 0.2456 -0.9658
vn -0.2275 0.6703 -0.7063
vn -0.3105 0.9148 -0.2583
vn -0.4273 0.8664 0.2583
vn -0.3131 0.6349 0.7063
vn -0.1147 0.2326 0.9658
vn 0.1147 -0.2326 0.9658
vn 0.3131 -0.6349 0.7063
vn 0.4273 -0.8664 0.2583
vn 0.4273 -0.8664 -0.2583
vn 0.3131 -0.6349 -0.7063
vn 0.1147 -0.2326 -0.9658
vn -0.1147 0.2326 -0.9658
vn -0.3131 0.6349 -0.7063
vn -0.4273 0.8664 -0.2583
vn -0.5367 0.8033 0.2583
vn -0.3933 0.5886 0.7063
vn -0.1441 0.2156 0.9658
vn 0.1441 -0.2156 0.9658
vn 0.3933 -0.5886 0.7063
vn 0.5367 -0.8033 0.2583
vn 0.5367 -0.8033 -0.2583
vn 0.3933 -0.5886 -0.7063
vn 0.1441 -0.2156 -0.9658
vn -0.1441 0.2156 -0.9658
vn -0.3933 0.5886 -0.7063
vn -0.5367 0.8033 -0.2583
vn -0.6370 0.7263 0.2583
vn -0.4667 0.5322 0.7063
vn -0.1710 0.1950 0.9658
vn 0.1710 -0.1950 0.9658
vn 0.4667 -0.5322 0.7063
vn 0.6370 -0.7263 0.2583
vn 0.6370 -0.7263 -0.2583
vn 0.4667 -0.5322 -0.7063
vn 0.1710 -0.1950 -0.9658
vn -0.1710 0.1950 -0.9658
vn -0.4667 0.5322 -0.7063
vn -0.6370 0.7263 -0.2583
vn -0.7263 0.6370 0.2583
vn -0.5322 0.4667 0.7063
vn -0.1950 0.1710 0.9658
vn 0.1950 -0.1710 0.9658
vn 0.5322 -0.4667 0.7063
vn 0.7263 -0.6370 0.2583
vn 0.7263 -0.6370 -0.2583
vn 0.5322 -0.4667 -0.7063
vn 0.1950 -0.1710 -0.9658
vn -0.1950 0.1710 -0.9658
vn -0.5322 0.4667 -0.7063
vn -0.7263 0.6370 -0.2583
vn -0.8033 0.5367 0.2583
vn -0.5886 0.3933 0.7063
vn -0.2156 0.1441 0.9658
vn 0.2156 -0.1441 0.9658
vn 0.5886 -0.3933 0.7063
vn 0.8033 -0.5367 0.2583
vn 0.8033 -0.5367 -0.2583
vn 0.5886 -0.3933 -0.7063
vn 0.2156 -0.1441 -0.9658
vn -0.2156 0.1441 -0.9658
vn -0.5886 0.3933 -0.7063
vn -0.8033 0.5367 -0.2583
vn -0.8664 0.4273 0.2583
vn -0.6349 0.3131 0.7063
vn -0.2326 0.1147 0.9658
vn 0.2326 -0.1147 0.9658
vn 0.6349 -0.3131 0.7063
vn 0.8664 -0.4273 0.2583
vn 0.8664 -0.4273 -0.2583
vn 0.6349 -0.3131 -0.7063
vn 0.2326 -0.1147 -0.9658
vn -0.2326 0.1147 -0.9658
vn -0.6349 0.3131 -0.7063
vn -0.8664 0.4273 -0.2583
vn -0.9148 0.3105 0.2583
vn -0.6703 0.2275 0.7063
vn -0.2456 0.0834 0.9658
vn 0.2456 -0.0834 0.9658
vn 0.6703 -0.2275 0.7063
vn 0.9148 -0.3105 0.2583
vn 0.9148 -0.3105 -0.2583
vn 0.6703 -0.2275 -0.7063
vn 0.2456 -0.0834 -0.9658
vn -0.2456 0.0834 -0.9658
vn -0.6703 0.2275 -0.7063
vn -0.9148 0.3105 -0.2583
vn -0.9475 0.1885 0.2583
vn -0.6943 0.1381 0.7063
vn -0.2544 0.0506 0.9658
vn 0.2544 -0.0506 0.9658
vn 0.6943 -0.1381 0.7063
vn 0.9475 -0.1885 0.2583
vn 0.9475 -0.1885 -0.2583
vn 0.6943 -0.1381 -0.7063
vn 0.2544 -0.0506 -0.9658
vn -0.2544 0.0506 -0.9658
vn -0.6943 0.1381 -0.7063
vn -0.9475 0.1885 -0.2583
vn -0.9640 0.0632 0.2583
vn -0.7063 0.0463 0.7063
vn -0.2588 0.0170 0.9658
vn 0.2588 -0.0170 0.9658
vn 0.7063 -0.0463 0.7063
vn 0.9640 -0.0632 0.2583
vn 0.9640 -0.0632 -0.2583
vn 0.7063 -0.0463 -0.7063
vn 0.2588 -0.0170 -0.9658
vn -0.2588 0.0170 -0.9658
vn -0.7063 0.0463 -0.7063
vn -0.9640 0.0632 -0.2583